Group	Chr	Start	End	Recombination Rate
0	chr1A	0	5935491	6.796233546786181e-07
0	chr1A	5935491	11870982	1.1136685223725255e-06
0	chr1A	11870982	17806473	6.682011134235152e-07
0	chr1A	17806473	23741964	3.4266723765308476e-07
0	chr1A	23741964	29677455	8.566680941327118e-07
0	chr1A	29677455	35612946	4.6545633114544013e-07
0	chr1A	35612946	41548437	3.969228836148232e-07
0	chr1A	41548437	47483928	2.62711548867365e-07
0	chr1A	47483928	53419419	4.6545633114544013e-07
0	chr1A	53419419	59354910	8.281124909949548e-08
0	chr1A	59354910	65290401	9.13779300408226e-08
0	chr1A	65290401	71225892	9.708905066837402e-08
0	chr1A	71225892	77161383	8.56668094132712e-09
0	chr1A	77161383	83096874	0.0
0	chr1A	83096874	89032365	0.0
0	chr1A	89032365	94967856	3.712228407908419e-08
0	chr1A	94967856	100903347	1.770447394540938e-07
0	chr1A	100903347	106838838	1.9417810133674804e-07
0	chr1A	106838838	112774329	1.2278909349235537e-07
0	chr1A	112774329	118709820	1.0280017129592543e-07
0	chr1A	118709820	124645311	2.8555603137757064e-09
0	chr1A	124645311	130580802	5.711120627551413e-09
0	chr1A	130580802	136516293	8.56668094132712e-09
0	chr1A	136516293	142451784	0.0
0	chr1A	142451784	148387275	5.711120627551413e-09
0	chr1A	148387275	154322766	8.56668094132712e-09
0	chr1A	154322766	160258257	1.9988922196429944e-08
0	chr1A	160258257	166193748	7.424456815816838e-08
0	chr1A	166193748	172129239	5.711120627551413e-09
0	chr1A	172129239	178064730	0.0
0	chr1A	178064730	184000221	0.0
0	chr1A	184000221	189935712	7.710012847194407e-08
0	chr1A	189935712	195871203	0.0
0	chr1A	195871203	201806694	0.0
0	chr1A	201806694	207742185	9.708905066837402e-08
0	chr1A	207742185	213677676	5.1400085647962716e-08
0	chr1A	213677676	219613167	1.827558600816452e-07
0	chr1A	219613167	225548658	4.56889650204113e-08
0	chr1A	225548658	231484149	0.0
0	chr1A	231484149	237419640	2.8555603137757065e-08
0	chr1A	237419640	243355131	0.0
0	chr1A	243355131	249290622	0.0
0	chr1A	249290622	255226113	3.141116345153277e-08
0	chr1A	255226113	261161604	3.426672376530848e-08
0	chr1A	261161604	267097095	0.0
0	chr1A	267097095	273032586	0.0
0	chr1A	273032586	278968077	0.0
0	chr1A	278968077	284903568	0.0
0	chr1A	284903568	290839059	0.0
0	chr1A	290839059	296774550	2.5700042823981358e-08
0	chr1A	296774550	302710041	3.141116345153277e-08
0	chr1A	302710041	308645532	1.1422241255102826e-08
0	chr1A	308645532	314581023	3.426672376530848e-08
0	chr1A	314581023	320516514	0.0
0	chr1A	320516514	326452005	0.0
0	chr1A	326452005	332387496	0.0
0	chr1A	332387496	338322987	1.4277801568878532e-08
0	chr1A	338322987	344258478	0.0
0	chr1A	344258478	350193969	0.0
0	chr1A	350193969	356129460	1.713336188265424e-08
0	chr1A	356129460	362064951	1.9988922196429944e-08
0	chr1A	362064951	368000442	0.0
0	chr1A	368000442	373935933	6.853344753061696e-08
0	chr1A	373935933	379871424	0.0
0	chr1A	379871424	385806915	3.426672376530848e-08
0	chr1A	385806915	391742406	3.712228407908419e-08
0	chr1A	391742406	397677897	1.1422241255102826e-08
0	chr1A	397677897	403613388	0.0
0	chr1A	403613388	409548879	0.0
0	chr1A	409548879	415484370	0.0
0	chr1A	415484370	421419861	0.0
0	chr1A	421419861	427355352	4.56889650204113e-08
0	chr1A	427355352	433290843	0.0
0	chr1A	433290843	439226334	0.0
0	chr1A	439226334	445161825	9.708905066837402e-08
0	chr1A	445161825	451097316	8.281124909949548e-08
0	chr1A	451097316	457032807	7.138900784439267e-08
0	chr1A	457032807	462968298	2.912671520051221e-07
0	chr1A	462968298	468903789	1.2850021411990678e-07
0	chr1A	468903789	474839280	6.967567165612724e-07
0	chr1A	474839280	480774771	2.7413379012246785e-07
0	chr1A	480774771	486710262	6.310788293444312e-07
0	chr1A	486710262	492645753	2.5128930761226215e-07
0	chr1A	492645753	498581244	4.911563739694215e-07
0	chr1A	498581244	504516735	8.45245852877609e-07
0	chr1A	504516735	510452226	5.625453818138141e-07
0	chr1A	510452226	516387717	6.71056673737291e-07
0	chr1A	516387717	522323208	2.855560313775707e-07
0	chr1A	522323208	528258699	1.5134469663011243e-07
0	chr1A	528258699	534194190	7.395901212679079e-07
0	chr1A	534194190	540129681	4.7116745177299154e-07
0	chr1A	540129681	546065172	7.19601199071478e-07
0	chr1A	546065172	552000663	7.995568878571978e-08
0	chr1A	552000663	557936154	3.198227551428791e-07
0	chr1A	557936154	563871645	1.4277801568878532e-08
0	chr1A	563871645	569807136	2.1416702353317796e-07
0	chr1A	569807136	575742627	3.3981167733930903e-07
0	chr1A	575742627	581678118	3.6836728047706615e-07
0	chr1A	581678118	587613609	8.224013703674035e-07
0	chr1A	587613609	593549100	3.7407840110461756e-07
0	chr1B	0	6887693	5.905891290697033e-07
0	chr1B	6887693	13775386	4.823144554069243e-07
0	chr1B	13775386	20663079	4.970791836336669e-07
0	chr1B	20663079	27550772	1.2796097796510236e-07
0	chr1B	27550772	34438465	2.7068668415694736e-07
0	chr1B	34438465	41326158	3.3712796117728894e-07
0	chr1B	41326158	48213851	4.454026348400678e-07
0	chr1B	48213851	55101544	4.183339664243731e-07
0	chr1B	55101544	61989237	1.7963752675870142e-07
0	chr1B	61989237	68876930	1.722551626453301e-08
0	chr1B	68876930	75764623	2.46078803779043e-08
0	chr1B	75764623	82652316	2.952945645348516e-08
0	chr1B	82652316	89540009	2.042454071366057e-07
0	chr1B	89540009	96427702	2.042454071366057e-07
0	chr1B	96427702	103315395	6.644127702034162e-08
0	chr1B	103315395	110203088	8.612758132266506e-08
0	chr1B	110203088	117090781	9.597073347382677e-08
0	chr1B	117090781	123978474	1.9686304302323442e-08
0	chr1B	123978474	130866167	0.0
0	chr1B	130866167	137753860	7.38236411337129e-09
0	chr1B	137753860	144641553	1.722551626453301e-08
0	chr1B	144641553	151529246	1.2057861385173108e-07
0	chr1B	151529246	158416939	9.104915739824592e-08
0	chr1B	158416939	165304632	3.199024449127559e-08
0	chr1B	165304632	172192325	2.4607880377904303e-09
0	chr1B	172192325	179080018	3.9372608604646885e-08
0	chr1B	179080018	185967711	0.0
0	chr1B	185967711	192855404	3.6911820566856453e-08
0	chr1B	192855404	199743097	4.1833396642437316e-08
0	chr1B	199743097	206630790	7.38236411337129e-09
0	chr1B	206630790	213518483	0.0
0	chr1B	213518483	220406176	1.476472822674258e-08
0	chr1B	220406176	227293869	4.9215760755808606e-09
0	chr1B	227293869	234181562	4.1833396642437316e-08
0	chr1B	234181562	241069255	5.905891290697032e-08
0	chr1B	241069255	247956948	0.0
0	chr1B	247956948	254844641	1.058138856249885e-07
0	chr1B	254844641	261732334	1.0827467366277893e-07
0	chr1B	261732334	268620027	0.0
0	chr1B	268620027	275507720	0.0
0	chr1B	275507720	282395413	2.952945645348516e-08
0	chr1B	282395413	289283106	1.2796097796510236e-07
0	chr1B	289283106	296170799	5.6598124869179896e-08
0	chr1B	296170799	303058492	1.6487279853195882e-07
0	chr1B	303058492	309946185	6.890206505813204e-08
0	chr1B	309946185	316833878	5.4137336831389465e-08
0	chr1B	316833878	323721571	6.890206505813204e-08
0	chr1B	323721571	330609264	2.854514123836899e-07
0	chr1B	330609264	337496957	8.12060052470842e-08
0	chr1B	337496957	344384650	1.2057861385173108e-07
0	chr1B	344384650	351272343	0.0
0	chr1B	351272343	358160036	0.0
0	chr1B	358160036	365047729	0.0
0	chr1B	365047729	371935422	0.0
0	chr1B	371935422	378823115	0.0
0	chr1B	378823115	385710808	0.0
0	chr1B	385710808	392598501	6.644127702034162e-08
0	chr1B	392598501	399486194	6.151970094476076e-08
0	chr1B	399486194	406373887	0.0
0	chr1B	406373887	413261580	3.445103252906602e-08
0	chr1B	413261580	420149273	0.0
0	chr1B	420149273	427036966	0.0
0	chr1B	427036966	433924659	0.0
0	chr1B	433924659	440812352	0.0
0	chr1B	440812352	447700045	1.4764728226742581e-07
0	chr1B	447700045	454587738	1.8209831479649184e-07
0	chr1B	454587738	461475431	2.2393171143892914e-07
0	chr1B	461475431	468363124	9.843152151161721e-09
0	chr1B	468363124	475250817	2.2639249947671958e-07
0	chr1B	475250817	482138510	1.6733358656974926e-07
0	chr1B	482138510	489026203	1.378041301162641e-07
0	chr1B	489026203	495913896	1.2796097796510236e-07
0	chr1B	495913896	502801589	9.843152151161721e-09
0	chr1B	502801589	509689282	4.1833396642437316e-08
0	chr1B	509689282	516576975	2.1408855928776742e-07
0	chr1B	516576975	523464668	1.2796097796510236e-07
0	chr1B	523464668	530352361	2.0670619517439613e-07
0	chr1B	530352361	537240054	4.454026348400678e-07
0	chr1B	537240054	544127747	9.597073347382677e-08
0	chr1B	544127747	551015440	3.961868740842593e-07
0	chr1B	551015440	557903133	2.2393171143892914e-07
0	chr1B	557903133	564790826	4.921576075580861e-07
0	chr1B	564790826	571678519	3.986476621220497e-07
0	chr1B	571678519	578566212	3.3712796117728894e-07
0	chr1B	578566212	585453905	2.977553525726421e-07
0	chr1B	585453905	592341598	4.429418468022774e-07
0	chr1B	592341598	599229291	2.3623565162788128e-07
0	chr1B	599229291	606116984	4.552457869912296e-07
0	chr1B	606116984	613004677	1.5995122245637795e-07
0	chr1B	613004677	619892370	3.100592927615942e-07
0	chr1B	619892370	626780063	4.7001051521797215e-07
0	chr1B	626780063	633667756	4.921576075580861e-07
0	chr1B	633667756	640555449	7.283932591859673e-07
0	chr1B	640555449	647443142	7.972953242440994e-07
0	chr1B	647443142	654330835	2.756082602325282e-07
0	chr1B	654330835	661218528	9.916975792295434e-07
0	chr1B	661218528	668106221	7.874521720929376e-07
0	chr1B	668106221	674993914	5.487557324272658e-07
0	chr1B	674993914	681881607	7.480795634882907e-07
0	chr1D	0	4951266	2.6700926557068124e-07
0	chr1D	4951266	9902532	5.990592496778106e-07
0	chr1D	9902532	14853798	7.770654267249313e-07
0	chr1D	14853798	19805064	1.95122155609344e-07
0	chr1D	19805064	24756330	1.9169895989689938e-07
0	chr1D	24756330	29707596	2.190845255964564e-07
0	chr1D	29707596	34658862	2.704324612831259e-07
0	chr1D	34658862	39610128	3.697051369440202e-07
0	chr1D	39610128	44561394	4.895169868795823e-07
0	chr1D	44561394	49512660	5.032097697293609e-07
0	chr1D	49512660	54463926	1.2665824136045137e-07
0	chr1D	54463926	59415192	3.3889637553201856e-07
0	chr1D	59415192	64366458	1.3350463278534062e-07
0	chr1D	64366458	69317724	5.1347935686669474e-08
0	chr1D	69317724	74268990	1.0269587137333895e-08
0	chr1D	74268990	79220256	8.900308852356042e-08
0	chr1D	79220256	84171522	3.046644184075722e-07
0	chr1D	84171522	89122788	5.716736839782535e-07
0	chr1D	89122788	94074054	9.584947994844969e-08
0	chr1D	94074054	99025320	9.584947994844969e-08
0	chr1D	99025320	103976586	1.6773658990978695e-07
0	chr1D	103976586	108927852	6.846391424889263e-08
0	chr1D	108927852	113879118	3.115108098324615e-07
0	chr1D	113879118	118830384	2.3962369987112422e-08
0	chr1D	118830384	123781650	8.215669709867116e-08
0	chr1D	123781650	128732916	6.846391424889263e-08
0	chr1D	128732916	133684182	1.9169895989689938e-07
0	chr1D	133684182	138635448	7.188710996133726e-08
0	chr1D	138635448	143586714	1.506206113475638e-07
0	chr1D	143586714	148537980	0.0
0	chr1D	148537980	153489246	6.846391424889263e-09
0	chr1D	153489246	158440512	1.403510242102299e-07
0	chr1D	158440512	163391778	0.0
0	chr1D	163391778	168343044	0.0
0	chr1D	168343044	173294310	9.242628423600505e-08
0	chr1D	173294310	178245576	9.927267566089432e-08
0	chr1D	178245576	183196842	0.0
0	chr1D	183196842	188148108	0.0
0	chr1D	188148108	193099374	0.0
0	chr1D	193099374	198050640	0.0
0	chr1D	198050640	203001906	1.0269587137333895e-07
0	chr1D	203001906	207953172	9.584947994844969e-08
0	chr1D	207953172	212904438	1.30081437072896e-07
0	chr1D	212904438	217855704	0.0
0	chr1D	217855704	222806970	0.0
0	chr1D	222806970	227758236	1.0611906708578358e-07
0	chr1D	227758236	232709502	1.3692782849778526e-08
0	chr1D	232709502	237660768	1.1638865422311748e-07
0	chr1D	237660768	242612034	6.846391424889263e-09
0	chr1D	242612034	247563300	2.2250772130890105e-07
0	chr1D	247563300	252514566	0.0
0	chr1D	252514566	257465832	9.242628423600505e-08
0	chr1D	257465832	262417098	4.039370940684665e-07
0	chr1D	262417098	267368364	0.0
0	chr1D	267368364	272319630	0.0
0	chr1D	272319630	277270896	3.4231957124446314e-09
0	chr1D	277270896	282222162	0.0
0	chr1D	282222162	287173428	0.0
0	chr1D	287173428	292124694	3.4231957124446314e-09
0	chr1D	292124694	297075960	0.0
0	chr1D	297075960	302027226	1.0269587137333895e-08
0	chr1D	302027226	306978492	3.0808761412001684e-08
0	chr1D	306978492	311929758	2.293541127337903e-07
0	chr1D	311929758	316881024	0.0
0	chr1D	316881024	321832290	0.0
0	chr1D	321832290	326783556	1.506206113475638e-07
0	chr1D	326783556	331734822	0.0
0	chr1D	331734822	336686088	0.0
0	chr1D	336686088	341637354	2.2593091702134568e-07
0	chr1D	341637354	346588620	0.0
0	chr1D	346588620	351539886	0.0
0	chr1D	351539886	356491152	1.1296545851067284e-07
0	chr1D	356491152	361442418	0.0
0	chr1D	361442418	366393684	2.4647009129601347e-07
0	chr1D	366393684	371344950	0.0
0	chr1D	371344950	376296216	2.1566132988401178e-07
0	chr1D	376296216	381247482	3.765515283689095e-08
0	chr1D	381247482	386198748	0.0
0	chr1D	386198748	391150014	1.0269587137333895e-07
0	chr1D	391150014	396101280	2.738556569955705e-07
0	chr1D	396101280	401052546	9.242628423600505e-08
0	chr1D	401052546	406003812	2.60162874145792e-07
0	chr1D	406003812	410955078	1.5404380706000843e-07
0	chr1D	410955078	415906344	3.4231957124446314e-09
0	chr1D	415906344	420857610	3.3889637553201856e-07
0	chr1D	420857610	425808876	1.1296545851067284e-07
0	chr1D	425808876	430760142	2.8754843984534905e-07
0	chr1D	430760142	435711408	2.4647009129601347e-07
0	chr1D	435711408	440662674	1.4377421992267453e-07
0	chr1D	440662674	445613940	2.943948312702383e-07
0	chr1D	445613940	450565206	5.1347935686669474e-08
0	chr1D	450565206	455516472	0.0
0	chr1D	455516472	460467738	3.012412226951276e-07
0	chr1D	460467738	465419004	3.2520359268223997e-07
0	chr1D	465419004	470370270	2.3277730844623496e-07
0	chr1D	470370270	475321536	3.012412226951276e-07
0	chr1D	475321536	480272802	1.711597856222316e-07
0	chr1D	480272802	485224068	3.1493400554490614e-07
0	chr1D	485224068	490175334	1.6431339419734232e-07
0	chr2A	0	7807147	7.880653935274122e-07
0	chr2A	7807147	15614294	1.0420699418544294e-07
0	chr2A	15614294	23421441	2.561755273725472e-07
0	chr2A	23421441	31228588	3.625535006035202e-07
0	chr2A	31228588	39035735	4.993251804719141e-07
0	chr2A	39035735	46842882	3.603825215579902e-07
0	chr2A	46842882	54650029	3.5604056346693007e-07
0	chr2A	54650029	62457176	2.431496530993669e-07
0	chr2A	62457176	70264323	3.625535006035202e-07
0	chr2A	70264323	78071470	1.280877636862736e-07
0	chr2A	78071470	85878617	5.861643422931165e-07
0	chr2A	85878617	93685764	3.3433077301162945e-07
0	chr2A	93685764	101492911	1.5196853318710429e-07
0	chr2A	101492911	109300058	1.2157482654968344e-07
0	chr2A	109300058	117107205	1.7802028173346504e-07
0	chr2A	117107205	124914352	1.0203601513991288e-07
0	chr2A	124914352	132721499	1.1940384750415338e-07
0	chr2A	132721499	140528646	7.38132875480221e-08
0	chr2A	140528646	148335793	0.0
0	chr2A	148335793	156142940	0.0
0	chr2A	156142940	163950087	7.164230850249202e-08
0	chr2A	163950087	171757234	1.3242972177733375e-07
0	chr2A	171757234	179564381	0.0
0	chr2A	179564381	187371528	3.690664377401105e-08
0	chr2A	187371528	195178675	1.2374580559521348e-07
0	chr2A	195178675	202985822	8.683916182120246e-08
0	chr2A	202985822	210792969	1.2157482654968344e-07
0	chr2A	210792969	218600116	1.563104912781644e-07
0	chr2A	218600116	226407263	2.3880769500830673e-08
0	chr2A	226407263	234214410	1.4111363795945397e-07
0	chr2A	234214410	242021557	0.0
0	chr2A	242021557	249828704	0.0
0	chr2A	249828704	257635851	0.0
0	chr2A	257635851	265442998	9.335209895779264e-08
0	chr2A	265442998	273250145	0.0
0	chr2A	273250145	281057292	2.8222727591890795e-07
0	chr2A	281057292	288864439	8.249720373014233e-08
0	chr2A	288864439	296671586	4.1248601865071165e-08
0	chr2A	296671586	304478733	0.0
0	chr2A	304478733	312285880	2.1709790455300614e-08
0	chr2A	312285880	320093027	1.3242972177733375e-07
0	chr2A	320093027	327900174	7.164230850249202e-08
0	chr2A	327900174	335707321	5.4274476138251526e-08
0	chr2A	335707321	343514468	5.4274476138251526e-08
0	chr2A	343514468	351321615	3.90776228195411e-08
0	chr2A	351321615	359128762	0.0
0	chr2A	359128762	366935909	0.0
0	chr2A	366935909	374743056	1.9973007218876563e-07
0	chr2A	374743056	382550203	3.90776228195411e-08
0	chr2A	382550203	390357350	1.628234284147546e-07
0	chr2A	390357350	398164497	4.341958091060123e-08
0	chr2A	398164497	405971644	0.0
0	chr2A	405971644	413778791	8.466818277567238e-08
0	chr2A	413778791	421585938	8.683916182120246e-08
0	chr2A	421585938	429393085	2.1709790455300615e-09
0	chr2A	429393085	437200232	3.690664377401105e-08
0	chr2A	437200232	445007379	3.690664377401105e-08
0	chr2A	445007379	452814526	3.039370663742086e-08
0	chr2A	452814526	460621673	1.4328461700498404e-07
0	chr2A	460621673	468428820	1.280877636862736e-07
0	chr2A	468428820	476235967	1.0203601513991288e-07
0	chr2A	476235967	484043114	2.3880769500830673e-08
0	chr2A	484043114	491850261	7.38132875480221e-08
0	chr2A	491850261	499657408	7.38132875480221e-08
0	chr2A	499657408	507464555	3.473566472848098e-07
0	chr2A	507464555	515271702	1.8887517696111535e-07
0	chr2A	515271702	523078849	1.563104912781644e-07
0	chr2A	523078849	530885996	3.690664377401105e-08
0	chr2A	530885996	538693143	1.3025874273180366e-07
0	chr2A	538693143	546500290	1.9538811409770553e-07
0	chr2A	546500290	554307437	1.845332188700552e-07
0	chr2A	554307437	562114584	2.2143986264406626e-07
0	chr2A	562114584	569921731	6.947132945696197e-08
0	chr2A	569921731	577728878	1.736783236424049e-07
0	chr2A	577728878	585536025	2.2578182073512638e-07
0	chr2A	585536025	593343172	9.335209895779264e-08
0	chr2A	593343172	601150319	8.249720373014233e-08
0	chr2A	601150319	608957466	3.8209231201329077e-07
0	chr2A	608957466	616764613	0.0
0	chr2A	616764613	624571760	2.2578182073512638e-07
0	chr2A	624571760	632378907	8.032622468461227e-08
0	chr2A	632378907	640186054	2.605174854636073e-07
0	chr2A	640186054	647993201	1.6933636555134476e-07
0	chr2A	647993201	655800348	4.7761539001661346e-08
0	chr2A	655800348	663607495	1.0854895227650305e-07
0	chr2A	663607495	671414642	4.1248601865071165e-08
0	chr2A	671414642	679221789	7.359618964346908e-07
0	chr2A	679221789	687028936	4.276828719694221e-07
0	chr2A	687028936	694836083	7.077391688428e-07
0	chr2A	694836083	702643230	2.952531501920884e-07
0	chr2A	702643230	710450377	4.5373462051578277e-07
0	chr2A	710450377	718257524	8.575367229843742e-07
0	chr2A	718257524	726064671	5.535996566101657e-07
0	chr2A	726064671	733871818	4.0597308151412145e-07
0	chr2A	733871818	741678965	7.858944144818822e-07
0	chr2A	741678965	749486112	6.295839232037178e-07
0	chr2A	749486112	757293259	9.899664447617078e-07
0	chr2A	757293259	765100406	9.487178428966368e-07
0	chr2A	765100406	772907553	2.692014016457276e-07
0	chr2A	772907553	780714700	9.530598009876969e-07
0	chr2B	0	8012536	7.213273072282175e-07
0	chr2B	8012536	16025072	4.611417975828487e-07
0	chr2B	16025072	24037608	4.5056515084929715e-07
0	chr2B	24037608	32050144	2.4326287487168623e-07
0	chr2B	32050144	40062680	2.1999425205787278e-07
0	chr2B	40062680	48075216	6.070995225058604e-07
0	chr2B	48075216	56087752	1.671110183901149e-07
0	chr2B	56087752	64100288	1.417270662295911e-07
0	chr2B	64100288	72112824	5.351783247177098e-07
0	chr2B	72112824	80125360	3.4056802482036074e-07
0	chr2B	80125360	88137896	0.0
0	chr2B	88137896	96150432	2.5807018029865847e-07
0	chr2B	96150432	104162968	2.4114754552497593e-07
0	chr2B	104162968	112175504	6.240221572795429e-07
0	chr2B	112175504	120188040	9.73051499486745e-08
0	chr2B	120188040	128200576	2.1999425205787278e-07
0	chr2B	128200576	136213112	4.357578454223249e-07
0	chr2B	136213112	144225648	4.251811986887733e-07
0	chr2B	144225648	152238184	4.1037389326180113e-07
0	chr2B	152238184	160250720	5.56331618184813e-07
0	chr2B	160250720	168263256	2.538395216052378e-07
0	chr2B	168263256	176275792	1.121124553756467e-07
0	chr2B	176275792	184288328	4.6537245627626933e-07
0	chr2B	184288328	192300864	3.934512584881186e-07
0	chr2B	192300864	200313400	9.942047929538481e-08
0	chr2B	200313400	208325936	3.934512584881186e-07
0	chr2B	208325936	216338472	5.034483845170549e-07
0	chr2B	216338472	224351008	1.3749640753617048e-07
0	chr2B	224351008	232363544	0.0
0	chr2B	232363544	240376080	7.869025169762372e-07
0	chr2B	240376080	248388616	3.997972465282496e-07
0	chr2B	248388616	256401152	4.2729652803548367e-07
0	chr2B	256401152	264413688	8.249784452170229e-08
0	chr2B	264413688	272426224	3.807592824078567e-08
0	chr2B	272426224	280438760	1.692263477368252e-08
0	chr2B	280438760	288451296	1.692263477368252e-08
0	chr2B	288451296	296463832	6.345988040130945e-09
0	chr2B	296463832	304476368	0.0
0	chr2B	304476368	312488904	2.961461085394441e-08
0	chr2B	312488904	320501440	9.73051499486745e-08
0	chr2B	320501440	328513976	1.692263477368252e-08
0	chr2B	328513976	336526512	0.0
0	chr2B	336526512	344539048	3.384526954736504e-08
0	chr2B	344539048	352551584	0.0
0	chr2B	352551584	360564120	2.665314976854997e-07
0	chr2B	360564120	368576656	7.403652713486103e-08
0	chr2B	368576656	376589192	6.557520974801977e-08
0	chr2B	376589192	384601728	1.248044314559086e-07
0	chr2B	384601728	392614264	8.672850321512292e-08
0	chr2B	392614264	400626800	8.249784452170229e-08
0	chr2B	400626800	408639336	4.4421916280916616e-08
0	chr2B	408639336	416651872	3.8498994110127735e-07
0	chr2B	416651872	424664408	1.1845844341577764e-07
0	chr2B	424664408	432676944	0.0
0	chr2B	432676944	440689480	1.54419042309853e-07
0	chr2B	440689480	448702016	1.565343716565633e-07
0	chr2B	448702016	456714552	3.955665878348289e-07
0	chr2B	456714552	464727088	1.671110183901149e-07
0	chr2B	464727088	472739624	0.0
0	chr2B	472739624	480752160	0.0
0	chr2B	480752160	488764696	0.0
0	chr2B	488764696	496777232	0.0
0	chr2B	496777232	504789768	0.0
0	chr2B	504789768	512802304	0.0
0	chr2B	512802304	520814840	7.403652713486103e-08
0	chr2B	520814840	528827376	8.46131738684126e-09
0	chr2B	528827376	536839912	1.3538107818946015e-07
0	chr2B	536839912	544852448	0.0
0	chr2B	544852448	552864984	2.538395216052378e-08
0	chr2B	552864984	560877520	4.209505399953527e-07
0	chr2B	560877520	568890056	1.967256292440593e-07
0	chr2B	568890056	576902592	4.019125758749598e-08
0	chr2B	576902592	584915128	5.076790432104756e-08
0	chr2B	584915128	592927664	2.115329346710315e-07
0	chr2B	592927664	600940200	2.2210958140458307e-07
0	chr2B	600940200	608952736	1.2903509014932923e-07
0	chr2B	608952736	616965272	1.3749640753617048e-07
0	chr2B	616965272	624977808	8.884383256183323e-08
0	chr2B	624977808	632990344	7.192119778815072e-08
0	chr2B	632990344	641002880	9.942047929538481e-08
0	chr2B	641002880	649015416	9.709361701400347e-07
0	chr2B	649015416	657027952	3.49029342207202e-07
0	chr2B	657027952	665040488	3.130687433131266e-07
0	chr2B	665040488	673053024	2.1787892271116245e-07
0	chr2B	673053024	681065560	1.54419042309853e-07
0	chr2B	681065560	689078096	4.1037389326180113e-07
0	chr2B	689078096	697090632	6.17676169239412e-07
0	chr2B	697090632	705103168	2.876847911526029e-07
0	chr2B	705103168	713115704	2.6864682703221006e-07
0	chr2B	713115704	721128240	3.6383664763417417e-07
0	chr2B	721128240	729140776	4.907564084367931e-07
0	chr2B	729140776	737153312	4.5479580954271774e-07
0	chr2B	737153312	745165848	5.605622768782334e-07
0	chr2B	745165848	753178384	1.1634311406906732e-06
0	chr2B	753178384	761190920	3.6172131828746387e-07
0	chr2B	761190920	769203456	5.161403605973169e-07
0	chr2B	769203456	777215992	6.472907800933564e-07
0	chr2B	777215992	785228528	3.2999137808680915e-07
0	chr2B	785228528	793241064	1.1592004819972528e-06
0	chr2D	0	6516113	3.771615253823971e-07
0	chr2D	6516113	13032226	4.343860326817953e-07
0	chr2D	13032226	19548339	6.68486289815697e-07
0	chr2D	19548339	26064452	2.7051585268806414e-07
0	chr2D	26064452	32580565	3.3294258792377125e-07
0	chr2D	32580565	39096678	1.0924678666248745e-07
0	chr2D	39096678	45612791	5.982562126755265e-08
0	chr2D	45612791	52128904	4.682005142678033e-08
0	chr2D	52128904	58645017	4.1617823490471406e-08
0	chr2D	58645017	65161130	4.135771209365596e-07
0	chr2D	65161130	71677243	3.0953256221038104e-07
0	chr2D	71677243	78193356	1.1444901459879636e-07
0	chr2D	78193356	84709469	1.2771469583638412e-06
0	chr2D	84709469	91225582	0.0
0	chr2D	91225582	97741695	3.901670952231694e-08
0	chr2D	97741695	104257808	4.9421165394934795e-08
0	chr2D	104257808	110773921	2.7571808062437303e-07
0	chr2D	110773921	117290034	0.0
0	chr2D	117290034	123806147	0.0
0	chr2D	123806147	130322260	1.6907240793004007e-07
0	chr2D	130322260	136838373	0.0
0	chr2D	136838373	143354486	0.0
0	chr2D	143354486	149870599	0.0
0	chr2D	149870599	156386712	0.0
0	chr2D	156386712	162902825	7.023007714017051e-08
0	chr2D	162902825	169418938	8.063453301278835e-08
0	chr2D	169418938	175935051	0.0
0	chr2D	175935051	182451164	0.0
0	chr2D	182451164	188967277	0.0
0	chr2D	188967277	195483390	3.901670952231694e-08
0	chr2D	195483390	201999503	0.0
0	chr2D	201999503	208515616	0.0
0	chr2D	208515616	215031729	4.1617823490471406e-08
0	chr2D	215031729	221547842	0.0
0	chr2D	221547842	228063955	0.0
0	chr2D	228063955	234580068	0.0
0	chr2D	234580068	241096181	0.0
0	chr2D	241096181	247612294	0.0
0	chr2D	247612294	254128407	0.0
0	chr2D	254128407	260644520	0.0
0	chr2D	260644520	267160633	0.0
0	chr2D	267160633	273676746	2.6011139681544628e-08
0	chr2D	273676746	280192859	0.0
0	chr2D	280192859	286708972	1.820779777708124e-08
0	chr2D	286708972	293225085	0.0
0	chr2D	293225085	299741198	4.4218937458625874e-08
0	chr2D	299741198	306257311	1.74274635866349e-07
0	chr2D	306257311	312773424	2.861225364969909e-08
0	chr2D	312773424	319289537	1.0404455872617852e-08
0	chr2D	319289537	325805650	0.0
0	chr2D	325805650	332321763	0.0
0	chr2D	332321763	338837876	2.0808911745235703e-08
0	chr2D	338837876	345353989	0.0
0	chr2D	345353989	351870102	0.0
0	chr2D	351870102	358386215	7.283119110832496e-08
0	chr2D	358386215	364902328	1.456623822166499e-07
0	chr2D	364902328	371418441	2.861225364969909e-08
0	chr2D	371418441	377934554	9.364010285356066e-08
0	chr2D	377934554	384450667	0.0
0	chr2D	384450667	390966780	8.843787491725175e-08
0	chr2D	390966780	397482893	0.0
0	chr2D	397482893	403999006	0.0
0	chr2D	403999006	410515119	0.0
0	chr2D	410515119	417031232	0.0
0	chr2D	417031232	423547345	0.0
0	chr2D	423547345	430063458	1.1444901459879636e-07
0	chr2D	430063458	436579571	5.2022279363089256e-08
0	chr2D	436579571	443095684	0.0
0	chr2D	443095684	449611797	7.803341904463388e-08
0	chr2D	449611797	456127910	1.4046015428034102e-07
0	chr2D	456127910	462644023	1.9248243364343023e-07
0	chr2D	462644023	469160136	5.2022279363089256e-08
0	chr2D	469160136	475676249	0.0
0	chr2D	475676249	482192362	0.0
0	chr2D	482192362	488708475	0.0
0	chr2D	488708475	495224588	1.2225235650325975e-07
0	chr2D	495224588	501740701	1.4046015428034102e-07
0	chr2D	501740701	508256814	8.583676094909727e-08
0	chr2D	508256814	514772927	3.641559555416248e-08
0	chr2D	514772927	521289040	2.6011139681544628e-08
0	chr2D	521289040	527805153	1.3005569840772314e-08
0	chr2D	527805153	534321266	0.0
0	chr2D	534321266	540837379	3.719592974460882e-07
0	chr2D	540837379	547353492	1.5086461015295883e-07
0	chr2D	547353492	553869605	2.1069023142051147e-07
0	chr2D	553869605	560385718	8.583676094909727e-08
0	chr2D	560385718	566901831	0.0
0	chr2D	566901831	573417944	5.878517568029086e-07
0	chr2D	573417944	579934057	4.5259383045887653e-07
0	chr2D	579934057	586450170	6.762896317201603e-08
0	chr2D	586450170	592966283	4.343860326817953e-07
0	chr2D	592966283	599482396	2.523080549109829e-07
0	chr2D	599482396	605998509	1.8988131967527579e-07
0	chr2D	605998509	612514622	3.927682091913239e-07
0	chr2D	612514622	619030735	1.3785904031218652e-07
0	chr2D	619030735	625546848	4.864083120448846e-07
0	chr2D	625546848	632062961	5.332283634716649e-07
0	chr2D	632062961	638579074	4.343860326817953e-07
0	chr2D	638579074	645095187	1.0664567269433299e-07
0	chr3A	0	7492057	1.8550719895411583e-07
0	chr3A	7492057	14984114	5.067513727527067e-07
0	chr3A	14984114	22476171	2.1039231100893626e-07
0	chr3A	22476171	29968228	4.954399581823337e-07
0	chr3A	29968228	37460285	3.121950421422925e-07
0	chr3A	37460285	44952342	1.8776948186819044e-07
0	chr3A	44952342	52444399	2.759985155170992e-07
0	chr3A	52444399	59936456	3.8685037830675377e-07
0	chr3A	59936456	67428513	2.4206427180598046e-07
0	chr3A	67428513	74920570	1.4704838941484793e-07
0	chr3A	74920570	82412627	7.917990199261043e-08
0	chr3A	82412627	89904684	0.0
0	chr3A	89904684	97396741	0.0
0	chr3A	97396741	104888798	7.239305325038667e-08
0	chr3A	104888798	112380855	4.977022410964084e-08
0	chr3A	112380855	119872912	2.9409677882969584e-08
0	chr3A	119872912	127364969	4.977022410964084e-08
0	chr3A	127364969	134857026	5.4294789937790006e-08
0	chr3A	134857026	142349083	4.07210924533425e-08
0	chr3A	142349083	149841140	5.6557072851864587e-08
0	chr3A	149841140	157333197	0.0
0	chr3A	157333197	164825254	0.0
0	chr3A	164825254	172317311	0.0
0	chr3A	172317311	179809368	6.334392159408833e-08
0	chr3A	179809368	187301425	0.0
0	chr3A	187301425	194793482	0.0
0	chr3A	194793482	202285539	0.0
0	chr3A	202285539	209777596	0.0
0	chr3A	209777596	217269653	0.0
0	chr3A	217269653	224761710	0.0
0	chr3A	224761710	232253767	0.0
0	chr3A	232253767	239745824	0.0
0	chr3A	239745824	247237881	0.0
0	chr3A	247237881	254729938	0.0
0	chr3A	254729938	262221995	0.0
0	chr3A	262221995	269714052	4.524565828149167e-08
0	chr3A	269714052	277206109	0.0
0	chr3A	277206109	284698166	0.0
0	chr3A	284698166	292190223	1.1311414570372917e-07
0	chr3A	292190223	299682280	0.0
0	chr3A	299682280	307174337	5.881935576593917e-08
0	chr3A	307174337	314666394	0.0
0	chr3A	314666394	322158451	0.0
0	chr3A	322158451	329650508	0.0
0	chr3A	329650508	337142565	0.0
0	chr3A	337142565	344634622	0.0
0	chr3A	344634622	352126679	0.0
0	chr3A	352126679	359618736	0.0
0	chr3A	359618736	367110793	0.0
0	chr3A	367110793	374602850	3.167196079704417e-08
0	chr3A	374602850	382094907	1.221632773600275e-07
0	chr3A	382094907	389586964	0.0
0	chr3A	389586964	397079021	0.0
0	chr3A	397079021	404571078	0.0
0	chr3A	404571078	412063135	0.0
0	chr3A	412063135	419555192	5.203250702371542e-08
0	chr3A	419555192	427047249	6.560620450816292e-08
0	chr3A	427047249	434539306	0.0
0	chr3A	434539306	442031363	5.203250702371542e-08
0	chr3A	442031363	449523420	5.6557072851864587e-08
0	chr3A	449523420	457015477	0.0
0	chr3A	457015477	464507534	0.0
0	chr3A	464507534	471999591	4.750794119556625e-08
0	chr3A	471999591	479491648	1.6514665272744457e-07
0	chr3A	479491648	486983705	2.624248180326517e-07
0	chr3A	486983705	494475762	9.50158823911325e-08
0	chr3A	494475762	501967819	2.330151401496821e-07
0	chr3A	501967819	509459876	1.764580672978175e-07
0	chr3A	509459876	516951933	7.737007566135075e-07
0	chr3A	516951933	524443990	5.881935576593917e-07
0	chr3A	524443990	531936047	2.5337568637635334e-07
0	chr3A	531936047	539428104	9.50158823911325e-07
0	chr3A	539428104	546920161	3.3708015419711296e-07
0	chr3A	546920161	554412218	0.0
0	chr3A	554412218	561904275	6.266523671986596e-07
0	chr3A	561904275	569396332	3.551784175097096e-07
0	chr3A	569396332	576888389	3.3481787128303837e-07
0	chr3A	576888389	584380446	2.7147394968895003e-08
0	chr3A	584380446	591872503	5.881935576593917e-08
0	chr3A	591872503	599364560	8.596675073483417e-08
0	chr3A	599364560	606856617	6.560620450816292e-08
0	chr3A	606856617	614348674	0.0
0	chr3A	614348674	621840731	3.167196079704417e-08
0	chr3A	621840731	629332788	6.334392159408833e-08
0	chr3A	629332788	636824845	1.4704838941484793e-07
0	chr3A	636824845	644316902	1.1085186278965459e-07
0	chr3A	644316902	651808959	3.845880953926792e-08
0	chr3A	651808959	659301016	1.922940476963396e-07
0	chr3A	659301016	666793073	4.682925632134388e-07
0	chr3A	666793073	674285130	2.4658883763412963e-07
0	chr3A	674285130	681777187	9.50158823911325e-08
0	chr3A	681777187	689269244	7.420287958164633e-07
0	chr3A	689269244	696761301	3.393424371111875e-07
0	chr3A	696761301	704253358	4.2983375367417083e-08
0	chr3A	704253358	711745415	1.6740893564151919e-07
0	chr3A	711745415	719237472	2.759985155170992e-07
0	chr3A	719237472	726729529	3.6196526625193336e-07
0	chr3A	726729529	734221586	5.678330114327204e-07
0	chr3A	734221586	741713643	2.2622829140745835e-07
0	chr3A	741713643	749205700	1.0406501404743084e-07
0	chr3B	0	8295415	8.39753248621709e-07
0	chr3B	8295415	16590830	5.271443750472042e-07
0	chr3B	16590830	24886245	5.148852035344786e-07
0	chr3B	24886245	33181660	2.2883786823754602e-07
0	chr3B	33181660	41477075	1.6958520592603854e-07
0	chr3B	41477075	49772490	2.2679467298542507e-07
0	chr3B	49772490	58067905	3.596023643732866e-07
0	chr3B	58067905	66363320	3.1465206882662577e-07
0	chr3B	66363320	74658735	1.0032088687913848e-06
0	chr3B	74658735	82954150	2.0431952521209467e-08
0	chr3B	82954150	91249565	0.0
0	chr3B	91249565	99544980	5.925266231150745e-08
0	chr3B	99544980	107840395	6.946863857211219e-08
0	chr3B	107840395	116135810	3.4734319286056093e-08
0	chr3B	116135810	124431225	1.5732603441331288e-07
0	chr3B	124431225	132726640	0.0
0	chr3B	132726640	141022055	4.903668605090271e-08
0	chr3B	141022055	149317470	1.0828934836241017e-07
0	chr3B	149317470	157612885	1.2259171512725678e-08
0	chr3B	157612885	165908300	6.129585756362839e-09
0	chr3B	165908300	174203715	2.0431952521209467e-08
0	chr3B	174203715	182499130	6.742544331999124e-08
0	chr3B	182499130	190794545	4.086390504241893e-09
0	chr3B	190794545	199089960	1.6958520592603854e-07
0	chr3B	199089960	207385375	4.903668605090271e-08
0	chr3B	207385375	215680790	3.06479287818142e-08
0	chr3B	215680790	223976205	1.185053246230149e-07
0	chr3B	223976205	232271620	5.925266231150745e-08
0	chr3B	232271620	240567035	2.4314023500239265e-07
0	chr3B	240567035	248862450	4.025094646678265e-07
0	chr3B	248862450	257157865	2.410970397502717e-07
0	chr3B	257157865	265453280	2.2475147773330412e-08
0	chr3B	265453280	273748695	4.903668605090271e-08
0	chr3B	273748695	282044110	5.7209467059386505e-08
0	chr3B	282044110	290339525	5.7209467059386505e-08
0	chr3B	290339525	298634940	0.0
0	chr3B	298634940	306930355	4.0863905042418934e-08
0	chr3B	306930355	315225770	0.0
0	chr3B	315225770	323521185	5.5166271807265554e-08
0	chr3B	323521185	331816600	0.0
0	chr3B	331816600	340112015	8.581420058907974e-08
0	chr3B	340112015	348407430	0.0
0	chr3B	348407430	356702845	0.0
0	chr3B	356702845	364998260	8.581420058907974e-08
0	chr3B	364998260	373293675	1.5119644865695006e-07
0	chr3B	373293675	381589090	5.925266231150745e-08
0	chr3B	381589090	389884505	0.0
0	chr3B	389884505	398179920	0.0
0	chr3B	398179920	406475335	5.312307655514461e-08
0	chr3B	406475335	414770750	2.533562112629974e-07
0	chr3B	414770750	423066165	3.7186153588601224e-07
0	chr3B	423066165	431361580	0.0
0	chr3B	431361580	439656995	1.1237573886665206e-07
0	chr3B	439656995	447952410	0.0
0	chr3B	447952410	456247825	3.8207751214661703e-07
0	chr3B	456247825	464543240	8.37710053369588e-08
0	chr3B	464543240	472838655	2.063627204642156e-07
0	chr3B	472838655	481134070	4.065958551720684e-07
0	chr3B	481134070	489429485	2.9626331155753723e-07
0	chr3B	489429485	497724900	3.350840213478352e-07
0	chr3B	497724900	506020315	5.1079881303023664e-08
0	chr3B	506020315	514315730	2.410970397502717e-07
0	chr3B	514315730	522611145	1.8797396319512707e-07
0	chr3B	522611145	530906560	7.968461483271692e-08
0	chr3B	530906560	539201975	0.0
0	chr3B	539201975	547497390	1.3893727714422437e-07
0	chr3B	547497390	555792805	2.3088106348966697e-07
0	chr3B	555792805	564088220	4.5563254122297106e-07
0	chr3B	564088220	572383635	3.0443609256602104e-07
0	chr3B	572383635	580679050	2.2679467298542507e-07
0	chr3B	580679050	588974465	8.00932538831411e-07
0	chr3B	588974465	597269880	2.67658578027844e-07
0	chr3B	597269880	605565295	3.391704118520771e-07
0	chr3B	605565295	613860710	8.78573958412007e-08
0	chr3B	613860710	622156125	6.946863857211219e-08
0	chr3B	622156125	630451540	1.0420295785816827e-07
0	chr3B	630451540	638746955	0.0
0	chr3B	638746955	647042370	3.269112403393514e-08
0	chr3B	647042370	655337785	2.6561538277572304e-07
0	chr3B	655337785	663633200	2.2679467298542507e-07
0	chr3B	663633200	671928615	5.5166271807265554e-08
0	chr3B	671928615	680224030	1.5732603441331288e-07
0	chr3B	680224030	688519445	7.355502907635408e-08
0	chr3B	688519445	696814860	4.5563254122297106e-07
0	chr3B	696814860	705110275	2.635721875236021e-07
0	chr3B	705110275	713405690	5.312307655514461e-08
0	chr3B	713405690	721701105	3.984230741635846e-07
0	chr3B	721701105	729996520	4.924100557611481e-07
0	chr3B	729996520	738291935	5.312307655514461e-07
0	chr3B	738291935	746587350	6.12958575636284e-07
0	chr3B	746587350	754882765	3.0034970206177913e-07
0	chr3B	754882765	763178180	3.943366836593427e-07
0	chr3B	763178180	771473595	2.3496745399390885e-07
0	chr3B	771473595	779769010	1.9206035369936898e-07
0	chr3B	779769010	788064425	1.8797396319512707e-07
0	chr3B	788064425	796359840	5.5166271807265554e-08
0	chr3B	796359840	804655255	1.8797396319512707e-07
0	chr3B	804655255	812950670	3.309976308435934e-07
0	chr3B	812950670	821246085	3.330408260957143e-07
0	chr3B	821246085	829541500	2.145355014726994e-07
0	chr3D	0	6146373	7.583361682007491e-07
0	chr3D	6146373	12292746	5.073958361779557e-07
0	chr3D	12292746	18439119	2.0681895496384066e-07
0	chr3D	18439119	24585492	1.2960654511067348e-07
0	chr3D	24585492	30731865	1.1030344264738168e-07
0	chr3D	30731865	36878238	0.0
0	chr3D	36878238	43024611	1.2960654511067348e-07
0	chr3D	43024611	49170984	3.0609205334648417e-07
0	chr3D	49170984	55317357	0.0
0	chr3D	55317357	61463730	0.0
0	chr3D	61463730	67610103	4.687896312513721e-08
0	chr3D	67610103	73756476	0.0
0	chr3D	73756476	79902849	0.0
0	chr3D	79902849	86049222	0.0
0	chr3D	86049222	92195595	5.2394135257506294e-08
0	chr3D	92195595	98341968	4.9636549191321755e-08
0	chr3D	98341968	104488341	0.0
0	chr3D	104488341	110634714	7.169723772079809e-08
0	chr3D	110634714	116781087	0.0
0	chr3D	116781087	122927460	1.2133378691211984e-07
0	chr3D	122927460	129073833	0.0
0	chr3D	129073833	135220206	9.100034018408988e-08
0	chr3D	135220206	141366579	7.721240985316716e-08
0	chr3D	141366579	147512952	0.0
0	chr3D	147512952	153659325	5.790930738987538e-08
0	chr3D	153659325	159805698	0.0
0	chr3D	159805698	165952071	1.9027343856673339e-07
0	chr3D	165952071	172098444	3.5848618860399044e-08
0	chr3D	172098444	178244817	7.445482378698262e-08
0	chr3D	178244817	184391190	0.0
0	chr3D	184391190	190537563	0.0
0	chr3D	190537563	196683936	0.0
0	chr3D	196683936	202830309	7.721240985316716e-08
0	chr3D	202830309	208976682	0.0
0	chr3D	208976682	215123055	0.0
0	chr3D	215123055	221269428	0.0
0	chr3D	221269428	227415801	0.0
0	chr3D	227415801	233562174	0.0
0	chr3D	233562174	239708547	3.033344672802996e-08
0	chr3D	239708547	245854920	0.0
0	chr3D	245854920	252001293	0.0
0	chr3D	252001293	258147666	0.0
0	chr3D	258147666	264294039	2.7575860661845416e-09
0	chr3D	264294039	270440412	0.0
0	chr3D	270440412	276586785	7.996999591935171e-08
0	chr3D	276586785	282733158	0.0
0	chr3D	282733158	288879531	0.0
0	chr3D	288879531	295025904	0.0
0	chr3D	295025904	301172277	0.0
0	chr3D	301172277	307318650	0.0
0	chr3D	307318650	313465023	0.0
0	chr3D	313465023	319611396	0.0
0	chr3D	319611396	325757769	6.342447952224447e-08
0	chr3D	325757769	331904142	0.0
0	chr3D	331904142	338050515	0.0
0	chr3D	338050515	344196888	6.893965165461354e-08
0	chr3D	344196888	350343261	0.0
0	chr3D	350343261	356489634	1.4063688937541163e-07
0	chr3D	356489634	362636007	2.0130378283147157e-07
0	chr3D	362636007	368782380	5.790930738987538e-08
0	chr3D	368782380	374928753	9.375792625027442e-08
0	chr3D	374928753	381075126	0.0
0	chr3D	381075126	387221499	6.6182065588429e-08
0	chr3D	387221499	393367872	5.790930738987538e-08
0	chr3D	393367872	399514245	3.171223976112223e-07
0	chr3D	399514245	405660618	1.930310246329179e-08
0	chr3D	405660618	411806991	1.1581861477975075e-07
0	chr3D	411806991	417953364	6.893965165461354e-08
0	chr3D	417953364	424099737	2.3439481562568608e-07
0	chr3D	424099737	430246110	2.233644713609479e-07
0	chr3D	430246110	436392483	1.4063688937541163e-07
0	chr3D	436392483	442538856	0.0
0	chr3D	442538856	448685229	2.426675738242397e-07
0	chr3D	448685229	454831602	0.0
0	chr3D	454831602	460977975	2.0406136889765608e-07
0	chr3D	460977975	467124348	7.445482378698262e-08
0	chr3D	467124348	473270721	0.0
0	chr3D	473270721	479417094	0.0
0	chr3D	479417094	485563467	0.0
0	chr3D	485563467	491709840	7.721240985316716e-08
0	chr3D	491709840	497856213	0.0
0	chr3D	497856213	504002586	1.709703361034416e-07
0	chr3D	504002586	510148959	1.185762008459353e-07
0	chr3D	510148959	516295332	2.0130378283147157e-07
0	chr3D	516295332	522441705	7.445482378698262e-08
0	chr3D	522441705	528588078	3.5021343040543683e-07
0	chr3D	528588078	534734451	0.0
0	chr3D	534734451	540880824	0.0
0	chr3D	540880824	547027197	6.893965165461354e-08
0	chr3D	547027197	553173570	2.5645550415516236e-07
0	chr3D	553173570	559319943	0.0
0	chr3D	559319943	565466316	5.790930738987538e-08
0	chr3D	565466316	571612689	5.790930738987538e-08
0	chr3D	571612689	577759062	1.4339447544159618e-07
0	chr3D	577759062	583905435	5.515172132369084e-08
0	chr3D	583905435	590051808	0.0
0	chr3D	590051808	596198181	5.322141107736166e-07
0	chr3D	596198181	602344554	3.0609205334648417e-07
0	chr3D	602344554	608490927	1.709703361034416e-07
0	chr4A	0	7445217	3.141591508813588e-07
0	chr4A	7445217	14890434	1.548030598545826e-07
0	chr4A	14890434	22335651	2.0488640274871228e-07
0	chr4A	22335651	29780868	1.6163260661287302e-07
0	chr4A	29780868	37226085	3.4375385350061727e-07
0	chr4A	37226085	44671302	2.822879326760036e-07
0	chr4A	44671302	52116519	2.617992924011323e-07
0	chr4A	52116519	59561736	5.463637406632327e-08
0	chr4A	59561736	67006953	2.959470261925844e-08
0	chr4A	67006953	74452170	7.74015299272913e-08
0	chr4A	74452170	81897387	5.6912889652420076e-08
0	chr4A	81897387	89342604	0.0
0	chr4A	89342604	96787821	0.0
0	chr4A	96787821	104233038	7.28484987550977e-08
0	chr4A	104233038	111678255	6.374243641071048e-08
0	chr4A	111678255	119123472	8.878410785777531e-08
0	chr4A	119123472	126568689	4.780682730803286e-08
0	chr4A	126568689	134013906	0.0
0	chr4A	134013906	141459123	0.0
0	chr4A	141459123	148904340	5.6912889652420076e-08
0	chr4A	148904340	156349557	0.0
0	chr4A	156349557	163794774	0.0
0	chr4A	163794774	171239991	4.0977280549742455e-08
0	chr4A	171239991	178685208	0.0
0	chr4A	178685208	186130425	0.0
0	chr4A	186130425	193575642	3.870076496364565e-08
0	chr4A	193575642	201020859	5.463637406632327e-08
0	chr4A	201020859	208466076	0.0
0	chr4A	208466076	215911293	0.0
0	chr4A	215911293	223356510	4.325379613583926e-08
0	chr4A	223356510	230801727	0.0
0	chr4A	230801727	238246944	0.0
0	chr4A	238246944	245692161	0.0
0	chr4A	245692161	253137378	0.0
0	chr4A	253137378	260582595	0.0
0	chr4A	260582595	268027812	0.0
0	chr4A	268027812	275473029	0.0
0	chr4A	275473029	282918246	5.918940523851688e-08
0	chr4A	282918246	290363463	0.0
0	chr4A	290363463	297808680	0.0
0	chr4A	297808680	305253897	0.0
0	chr4A	305253897	312699114	0.0
0	chr4A	312699114	320144331	1.0244320137435614e-07
0	chr4A	320144331	327589548	0.0
0	chr4A	327589548	335034765	0.0
0	chr4A	335034765	342479982	9.106062344387211e-08
0	chr4A	342479982	349925199	0.0
0	chr4A	349925199	357370416	6.146592082461368e-08
0	chr4A	357370416	364815633	0.0
0	chr4A	364815633	372260850	0.0
0	chr4A	372260850	379706067	0.0
0	chr4A	379706067	387151284	0.0
0	chr4A	387151284	394596501	0.0
0	chr4A	394596501	402041718	0.0
0	chr4A	402041718	409486935	0.0
0	chr4A	409486935	416932152	0.0
0	chr4A	416932152	424377369	0.0
0	chr4A	424377369	431822586	0.0
0	chr4A	431822586	439267803	0.0
0	chr4A	439267803	446713020	0.0
0	chr4A	446713020	454158237	1.593560910267762e-08
0	chr4A	454158237	461603454	0.0
0	chr4A	461603454	469048671	5.6912889652420076e-08
0	chr4A	469048671	476493888	3.870076496364565e-08
0	chr4A	476493888	483939105	1.2065532606313057e-07
0	chr4A	483939105	491384322	0.0
0	chr4A	491384322	498829539	0.0
0	chr4A	498829539	506274756	0.0
0	chr4A	506274756	513719973	0.0
0	chr4A	513719973	521165190	5.918940523851688e-08
0	chr4A	521165190	528610407	0.0
0	chr4A	528610407	536055624	0.0
0	chr4A	536055624	543500841	0.0
0	chr4A	543500841	550946058	1.2748487282142097e-07
0	chr4A	550946058	558391275	0.0
0	chr4A	558391275	565836492	1.1154926371874335e-07
0	chr4A	565836492	573281709	6.82954675829041e-08
0	chr4A	573281709	580726926	5.008334289412967e-08
0	chr4A	580726926	588172143	2.2765155860968028e-08
0	chr4A	588172143	595617360	2.7090535474551956e-07
0	chr4A	595617360	603062577	5.645758653520072e-07
0	chr4A	603062577	610507794	6.920607381734282e-07
0	chr4A	610507794	617953011	4.4392053928887663e-07
0	chr4A	617953011	625398228	3.027765729508748e-07
0	chr4A	625398228	632843445	6.374243641071049e-07
0	chr4A	632843445	640288662	1.50250028682389e-07
0	chr4A	640288662	647733879	1.479735130962922e-07
0	chr4A	647733879	655179096	2.2082201185138988e-07
0	chr4A	655179096	662624313	1.7529170012945382e-07
0	chr4A	662624313	670069530	2.0716291833480905e-07
0	chr4A	670069530	677514747	2.1626898067919628e-07
0	chr4A	677514747	684959964	1.0244320137435614e-07
0	chr4A	684959964	692405181	2.5724626122893876e-07
0	chr4A	692405181	699850398	2.686288391594228e-07
0	chr4A	699850398	707295615	2.1171594950700268e-07
0	chr4A	707295615	714740832	5.918940523851688e-07
0	chr4A	714740832	722186049	5.235985848022647e-08
0	chr4A	722186049	729631266	3.414773379145205e-07
0	chr4A	729631266	737076483	4.029432587391341e-07
0	chr4A	737076483	744521700	5.736819276963943e-07
0	chr4B	0	6731003	5.791566405104503e-07
0	chr4B	6731003	13462006	4.6080724005831483e-07
0	chr4B	13462006	20193009	3.651204907565882e-07
0	chr4B	20193009	26924012	1.3093976220236267e-07
0	chr4B	26924012	33655015	1.4101205160254442e-07
0	chr4B	33655015	40386018	1.6871084745304424e-07
0	chr4B	40386018	47117021	1.4101205160254442e-07
0	chr4B	47117021	53848024	0.0
0	chr4B	53848024	60579027	1.9892771565358946e-07
0	chr4B	60579027	67310030	0.0
0	chr4B	67310030	74041033	0.0
0	chr4B	74041033	80772036	5.0361447000908724e-08
0	chr4B	80772036	87503039	7.806024285140852e-08
0	chr4B	87503039	94234042	2.5180723500454363e-09
0	chr4B	94234042	100965045	0.0
0	chr4B	100965045	107696048	1.0575903870190832e-07
0	chr4B	107696048	114427051	7.050602580127221e-08
0	chr4B	114427051	121158054	0.0
0	chr4B	121158054	127889057	0.0
0	chr4B	127889057	134620060	7.050602580127221e-08
0	chr4B	134620060	141351063	6.29518087511359e-08
0	chr4B	141351063	148082066	7.554217050136309e-08
0	chr4B	148082066	154813069	5.791566405104504e-08
0	chr4B	154813069	161544072	0.0
0	chr4B	161544072	168275075	6.798795345122679e-08
0	chr4B	168275075	175006078	6.043373640109047e-08
0	chr4B	175006078	181737081	1.3093976220236267e-07
0	chr4B	181737081	188468084	3.5253012900636106e-08
0	chr4B	188468084	195199087	0.0
0	chr4B	195199087	201930090	2.7698795850499796e-08
0	chr4B	201930090	208661093	0.0
0	chr4B	208661093	215392096	5.0361447000908724e-08
0	chr4B	215392096	222123099	0.0
0	chr4B	222123099	228854102	0.0
0	chr4B	228854102	235585105	0.0
0	chr4B	235585105	242316108	3.5253012900636106e-08
0	chr4B	242316108	249047111	0.0
0	chr4B	249047111	255778114	7.806024285140852e-08
0	chr4B	255778114	262509117	0.0
0	chr4B	262509117	269240120	0.0
0	chr4B	269240120	275971123	0.0
0	chr4B	275971123	282702126	3.5253012900636106e-08
0	chr4B	282702126	289433129	0.0
0	chr4B	289433129	296164132	0.0
0	chr4B	296164132	302895135	0.0
0	chr4B	302895135	309626138	0.0
0	chr4B	309626138	316357141	4.784337465086329e-08
0	chr4B	316357141	323088144	0.0
0	chr4B	323088144	329819147	4.028915760072698e-08
0	chr4B	329819147	336550150	0.0
0	chr4B	336550150	343281153	0.0
0	chr4B	343281153	350012156	0.0
0	chr4B	350012156	356743159	0.0
0	chr4B	356743159	363474162	7.554217050136309e-08
0	chr4B	363474162	370205165	0.0
0	chr4B	370205165	376936168	3.777108525068154e-08
0	chr4B	376936168	383667171	0.0
0	chr4B	383667171	390398174	3.777108525068154e-08
0	chr4B	390398174	397129177	0.0
0	chr4B	397129177	403860180	1.3093976220236267e-07
0	chr4B	403860180	410591183	7.554217050136309e-08
0	chr4B	410591183	417322186	1.0324096635186289e-07
0	chr4B	417322186	424053189	1.510843410027262e-08
0	chr4B	424053189	430784192	2.643975967547708e-07
0	chr4B	430784192	437515195	0.0
0	chr4B	437515195	444246198	1.1331325575204462e-07
0	chr4B	444246198	450977201	6.546988110118134e-08
0	chr4B	450977201	457708204	8.057831520145396e-08
0	chr4B	457708204	464439207	0.0
0	chr4B	464439207	471170210	5.287951935095416e-08
0	chr4B	471170210	477901213	0.0
0	chr4B	477901213	484632216	1.0827711105195376e-07
0	chr4B	484632216	491363219	2.5180723500454363e-09
0	chr4B	491363219	498094222	4.5325302300817856e-08
0	chr4B	498094222	504825225	5.539759170099959e-08
0	chr4B	504825225	511556228	0.0
0	chr4B	511556228	518287231	6.29518087511359e-08
0	chr4B	518287231	525018234	5.338313382096324e-07
0	chr4B	525018234	531749237	2.417349456043619e-07
0	chr4B	531749237	538480240	1.334578345524081e-07
0	chr4B	538480240	545211243	2.5180723500454363e-09
0	chr4B	545211243	551942246	2.3418072855422556e-07
0	chr4B	551942246	558673249	3.323855502059976e-07
0	chr4B	558673249	565404252	1.2086747280218095e-07
0	chr4B	565404252	572135255	1.863373539033623e-07
0	chr4B	572135255	578866258	7.806024285140852e-08
0	chr4B	578866258	585597261	6.798795345122679e-08
0	chr4B	585597261	592328264	8.30963875514994e-08
0	chr4B	592328264	599059267	8.057831520145396e-08
0	chr4B	599059267	605790270	3.248313331558613e-07
0	chr4B	605790270	612521273	5.262771211594962e-07
0	chr4B	612521273	619252276	2.6187952440472535e-07
0	chr4B	619252276	625983279	3.2231326080581585e-07
0	chr4B	625983279	632714282	6.798795345122679e-08
0	chr4B	632714282	639445285	8.133373690646759e-07
0	chr4B	639445285	646176288	1.7626506450318052e-07
0	chr4B	646176288	652907291	3.827469972069063e-07
0	chr4B	652907291	659638294	5.917470022606775e-07
0	chr4B	659638294	666369297	4.381445889079059e-07
0	chr4B	666369297	673100300	2.5432530735458906e-07
0	chr4D	0	5096668	7.149902243210994e-07
0	chr4D	5096668	10193336	1.4964911671836966e-07
0	chr4D	10193336	15290004	2.3611305082231657e-07
0	chr4D	15290004	20386672	2.2281090711401704e-07
0	chr4D	20386672	25483340	0.0
0	chr4D	25483340	30580008	2.128342993327924e-07
0	chr4D	30580008	35676676	0.0
0	chr4D	35676676	40773344	4.655750297904834e-08
0	chr4D	40773344	45870012	0.0
0	chr4D	45870012	50966680	0.0
0	chr4D	50966680	56063348	0.0
0	chr4D	56063348	61160016	7.648732632272227e-08
0	chr4D	61160016	66256684	0.0
0	chr4D	66256684	71353352	0.0
0	chr4D	71353352	76450020	9.976607781224644e-09
0	chr4D	76450020	81546688	0.0
0	chr4D	81546688	86643356	0.0
0	chr4D	86643356	91740024	0.0
0	chr4D	91740024	96836692	0.0
0	chr4D	96836692	101933360	7.648732632272227e-08
0	chr4D	101933360	107030028	3.990643112489858e-08
0	chr4D	107030028	112126696	0.0
0	chr4D	112126696	117223364	0.0
0	chr4D	117223364	122320032	0.0
0	chr4D	122320032	127416700	0.0
0	chr4D	127416700	132513368	0.0
0	chr4D	132513368	137610036	9.976607781224644e-08
0	chr4D	137610036	142706704	0.0
0	chr4D	142706704	147803372	0.0
0	chr4D	147803372	152900040	0.0
0	chr4D	152900040	157996708	0.0
0	chr4D	157996708	163093376	0.0
0	chr4D	163093376	168190044	0.0
0	chr4D	168190044	173286712	0.0
0	chr4D	173286712	178383380	0.0
0	chr4D	178383380	183480048	0.0
0	chr4D	183480048	188576716	6.983625446857251e-08
0	chr4D	188576716	193673384	0.0
0	chr4D	193673384	198770052	0.0
0	chr4D	198770052	203866720	0.0
0	chr4D	203866720	208963388	6.651071854149762e-08
0	chr4D	208963388	214060056	0.0
0	chr4D	214060056	219156724	9.311500595809668e-08
0	chr4D	219156724	224253392	0.0
0	chr4D	224253392	229350060	0.0
0	chr4D	229350060	234446728	0.0
0	chr4D	234446728	239543396	5.985964668734787e-08
0	chr4D	239543396	244640064	0.0
0	chr4D	244640064	249736732	0.0
0	chr4D	249736732	254833400	0.0
0	chr4D	254833400	259930068	0.0
0	chr4D	259930068	265026736	7.981286224979715e-08
0	chr4D	265026736	270123404	0.0
0	chr4D	270123404	275220072	0.0
0	chr4D	275220072	280316740	0.0
0	chr4D	280316740	285413408	0.0
0	chr4D	285413408	290510076	0.0
0	chr4D	290510076	295606744	7.648732632272227e-08
0	chr4D	295606744	300703412	0.0
0	chr4D	300703412	305800080	0.0
0	chr4D	305800080	310896748	0.0
0	chr4D	310896748	315993416	0.0
0	chr4D	315993416	321090084	0.0
0	chr4D	321090084	326186752	0.0
0	chr4D	326186752	331283420	0.0
0	chr4D	331283420	336380088	6.651071854149762e-08
0	chr4D	336380088	341476756	7.981286224979715e-08
0	chr4D	341476756	346573424	8.313839817687203e-08
0	chr4D	346573424	351670092	8.646393410394692e-08
0	chr4D	351670092	356766760	0.0
0	chr4D	356766760	361863428	0.0
0	chr4D	361863428	366960096	0.0
0	chr4D	366960096	372056764	0.0
0	chr4D	372056764	377153432	0.0
0	chr4D	377153432	382250100	0.0
0	chr4D	382250100	387346768	0.0
0	chr4D	387346768	392443436	0.0
0	chr4D	392443436	397540104	0.0
0	chr4D	397540104	402636772	3.325535927074881e-08
0	chr4D	402636772	407733440	0.0
0	chr4D	407733440	412830108	0.0
0	chr4D	412830108	417926776	0.0
0	chr4D	417926776	423023444	0.0
0	chr4D	423023444	428120112	0.0
0	chr4D	428120112	433216780	0.0
0	chr4D	433216780	438313448	1.2969590115592038e-07
0	chr4D	438313448	443410116	7.316179039564738e-08
0	chr4D	443410116	448506784	0.0
0	chr4D	448506784	453603452	0.0
0	chr4D	453603452	458700120	1.8955554784326823e-07
0	chr4D	458700120	463796788	7.981286224979715e-08
0	chr4D	463796788	468893456	0.0
0	chr4D	468893456	473990124	5.985964668734787e-08
0	chr4D	473990124	479086792	2.327875148952417e-08
0	chr4D	479086792	484183460	2.926471615825895e-07
0	chr4D	484183460	489280128	2.0950876340571752e-07
0	chr4D	489280128	494376796	0.0
0	chr4D	494376796	499473464	1.6627679635374407e-07
0	chr4D	499473464	504570132	2.394385867493915e-07
0	chr5A	0	7084415	6.387858036003762e-07
0	chr5A	7084415	14168830	4.3303457098003037e-07
0	chr5A	14168830	21253245	3.8040053472831394e-07
0	chr5A	21253245	28337660	9.809070392365328e-08
0	chr5A	28337660	35422075	3.94755271887873e-07
0	chr5A	35422075	42506490	1.5072474017536968e-07
0	chr5A	42506490	49590905	1.7464930210796804e-07
0	chr5A	49590905	56675320	5.0241580058456555e-08
0	chr5A	56675320	63759735	5.0241580058456555e-08
0	chr5A	63759735	70844150	1.6747193352818852e-08
0	chr5A	70844150	77928565	2.392456193259836e-09
0	chr5A	77928565	85012980	0.0
0	chr5A	85012980	92097395	0.0
0	chr5A	92097395	99181810	0.0
0	chr5A	99181810	106266225	0.0
0	chr5A	106266225	113350640	0.0
0	chr5A	113350640	120435055	6.220386102475573e-08
0	chr5A	120435055	127519470	0.0
0	chr5A	127519470	134603885	0.0
0	chr5A	134603885	141688300	0.0
0	chr5A	141688300	148772715	0.0
0	chr5A	148772715	155857130	4.784912386519672e-09
0	chr5A	155857130	162941545	0.0
0	chr5A	162941545	170025960	0.0
0	chr5A	170025960	177110375	7.655859818431475e-08
0	chr5A	177110375	184194790	0.0
0	chr5A	184194790	191279205	0.0
0	chr5A	191279205	198363620	0.0
0	chr5A	198363620	205448035	0.0
0	chr5A	205448035	212532450	0.0
0	chr5A	212532450	219616865	0.0
0	chr5A	219616865	226701280	0.0
0	chr5A	226701280	233785695	0.0
0	chr5A	233785695	240870110	0.0
0	chr5A	240870110	247954525	0.0
0	chr5A	247954525	255038940	0.0
0	chr5A	255038940	262123355	0.0
0	chr5A	262123355	269207770	0.0
0	chr5A	269207770	276292185	0.0
0	chr5A	276292185	283376600	9.569824773039344e-09
0	chr5A	283376600	290461015	0.0
0	chr5A	290461015	297545430	0.0
0	chr5A	297545430	304629845	4.306421147867705e-08
0	chr5A	304629845	311714260	0.0
0	chr5A	311714260	318798675	0.0
0	chr5A	318798675	325883090	0.0
0	chr5A	325883090	332967505	5.263403625171639e-08
0	chr5A	332967505	340051920	0.0
0	chr5A	340051920	347136335	3.1101930512377867e-08
0	chr5A	347136335	354220750	0.0
0	chr5A	354220750	361305165	0.0
0	chr5A	361305165	368389580	0.0
0	chr5A	368389580	375473995	0.0
0	chr5A	375473995	382558410	2.1532105739338526e-08
0	chr5A	382558410	389642825	1.913964954607869e-08
0	chr5A	389642825	396727240	9.330579153713361e-08
0	chr5A	396727240	403811655	1.913964954607869e-08
0	chr5A	403811655	410896070	8.373596676409427e-08
0	chr5A	410896070	417980485	1.6747193352818854e-07
0	chr5A	417980485	425064900	2.8230983080466066e-07
0	chr5A	425064900	432149315	1.6747193352818852e-08
0	chr5A	432149315	439233730	5.933291359284394e-07
0	chr5A	439233730	446318145	8.445370362207221e-07
0	chr5A	446318145	453402560	4.4738930813958935e-07
0	chr5A	453402560	460486975	1.6268702114166883e-07
0	chr5A	460486975	467571390	4.306421147867705e-08
0	chr5A	467571390	474655805	2.6317018125858196e-08
0	chr5A	474655805	481740220	4.426043957530697e-07
0	chr5A	481740220	488824635	7.392689637172893e-07
0	chr5A	488824635	495909050	3.5408351660245573e-07
0	chr5A	495909050	502993465	9.569824773039345e-08
0	chr5A	502993465	510077880	2.2967579455294426e-07
0	chr5A	510077880	517162295	7.177368579779508e-08
0	chr5A	517162295	524246710	2.2489088216642458e-07
0	chr5A	524246710	531331125	5.502649244497623e-08
0	chr5A	531331125	538415540	2.6556263745184177e-07
0	chr5A	538415540	545499955	4.426043957530697e-07
0	chr5A	545499955	552584370	5.406950996767229e-07
0	chr5A	552584370	559668785	1.5790210875514917e-07
0	chr5A	559668785	566753200	1.9618140784730656e-07
0	chr5A	566753200	573837615	6.435707159868958e-07
0	chr5A	573837615	580922030	1.8421912688100736e-07
0	chr5A	580922030	588006445	1.0287561631017294e-07
0	chr5A	588006445	595090860	1.3397754682255081e-07
0	chr5A	595090860	602175275	1.1483789727647213e-07
0	chr5A	602175275	609259690	2.129286012001254e-07
0	chr5A	609259690	616344105	5.287328187104237e-07
0	chr5A	616344105	623428520	4.043250966609123e-07
0	chr5A	623428520	630512935	0.0
0	chr5A	630512935	637597350	8.852087915061393e-08
0	chr5A	637597350	644681765	6.220386102475573e-08
0	chr5A	644681765	651766180	2.0814368881360574e-07
0	chr5A	651766180	658850595	3.181966737035582e-07
0	chr5A	658850595	665935010	3.851854471148336e-07
0	chr5A	665935010	673019425	2.607777250653221e-07
0	chr5A	673019425	680103840	2.6317018125858197e-07
0	chr5A	680103840	687188255	4.3303457098003037e-07
0	chr5A	687188255	694272670	3.0384193654399916e-07
0	chr5A	694272670	701357085	4.3303457098003037e-07
0	chr5B	0	7129071	1.4978061098977576e-07
0	chr5B	7129071	14258142	3.780177324980054e-07
0	chr5B	14258142	21387213	3.566205023566089e-07
0	chr5B	21387213	28516284	4.94513763267831e-07
0	chr5B	28516284	35645355	3.423556822623446e-07
0	chr5B	35645355	42774426	3.376007422309231e-07
0	chr5B	42774426	49903497	1.4027073092693285e-07
0	chr5B	49903497	57032568	1.4978061098977576e-07
0	chr5B	57032568	64161639	9.272133061271831e-08
0	chr5B	64161639	71290710	3.7564026248229473e-07
0	chr5B	71290710	78419781	8.083398053416469e-08
0	chr5B	78419781	85548852	2.1634977142967606e-07
0	chr5B	85548852	92677923	3.5662050235660886e-08
0	chr5B	92677923	99806994	0.0
0	chr5B	99806994	106936065	6.894663045561105e-08
0	chr5B	106936065	114065136	0.0
0	chr5B	114065136	121194207	2.282371215082297e-07
0	chr5B	121194207	128323278	0.0
0	chr5B	128323278	135452349	2.852964018852871e-08
0	chr5B	135452349	142581420	5.705928037705742e-08
0	chr5B	142581420	149710491	0.0
0	chr5B	149710491	156839562	0.0
0	chr5B	156839562	163968633	0.0
0	chr5B	163968633	171097704	0.0
0	chr5B	171097704	178226775	0.0
0	chr5B	178226775	185355846	0.0
0	chr5B	185355846	192484917	2.6152170172817988e-08
0	chr5B	192484917	199613988	5.2304340345635975e-08
0	chr5B	199613988	206743059	2.377470015710726e-09
0	chr5B	206743059	213872130	0.0
0	chr5B	213872130	221001201	0.0
0	chr5B	221001201	228130272	0.0
0	chr5B	228130272	235259343	0.0
0	chr5B	235259343	242388414	0.0
0	chr5B	242388414	249517485	4.5171930298503794e-08
0	chr5B	249517485	256646556	0.0
0	chr5B	256646556	263775627	0.0
0	chr5B	263775627	270904698	8.796639058129685e-08
0	chr5B	270904698	278033769	0.0
0	chr5B	278033769	285162840	1.8068772119401518e-07
0	chr5B	285162840	292291911	7.37015704870325e-08
0	chr5B	292291911	299420982	1.0460868069127195e-07
0	chr5B	299420982	306550053	0.0
0	chr5B	306550053	313679124	1.2600591083266847e-07
0	chr5B	313679124	320808195	0.0
0	chr5B	320808195	327937266	1.1411856075411485e-07
0	chr5B	327937266	335066337	3.019386919952622e-07
0	chr5B	335066337	342195408	1.759327811625937e-07
0	chr5B	342195408	349324479	0.0
0	chr5B	349324479	356453550	3.3284580219950165e-07
0	chr5B	356453550	363582621	1.3313832087980066e-07
0	chr5B	363582621	370711692	4.754940031421452e-08
0	chr5B	370711692	377840763	6.181422040847888e-08
0	chr5B	377840763	384969834	5.2304340345635975e-08
0	chr5B	384969834	392098905	1.4264820094264354e-07
0	chr5B	392098905	399227976	2.3061459152394044e-07
0	chr5B	399227976	406357047	3.019386919952622e-07
0	chr5B	406357047	413486118	2.5914423171246914e-07
0	chr5B	413486118	420615189	1.5929049105261864e-07
0	chr5B	420615189	427744260	3.114485720581051e-07
0	chr5B	427744260	434873331	3.9703749262369124e-07
0	chr5B	434873331	442002402	3.637529124037411e-07
0	chr5B	442002402	449131473	1.4027073092693285e-07
0	chr5B	449131473	456260544	1.1649603076982558e-07
0	chr5B	456260544	463389615	5.491955736291777e-07
0	chr5B	463389615	470518686	3.447331522780553e-07
0	chr5B	470518686	477647757	4.94513763267831e-07
0	chr5B	477647757	484776828	1.450256709583543e-07
0	chr5B	484776828	491905899	4.754940031421452e-07
0	chr5B	491905899	499034970	4.754940031421452e-08
0	chr5B	499034970	506164041	6.656916043990033e-08
0	chr5B	506164041	513293112	1.1174109073840413e-07
0	chr5B	513293112	520422183	5.135335233935169e-07
0	chr5B	520422183	527551254	1.0032923466299263e-06
0	chr5B	527551254	534680325	3.3284580219950165e-07
0	chr5B	534680325	541809396	2.615217017281799e-07
0	chr5B	541809396	548938467	4.826264131892774e-07
0	chr5B	548938467	556067538	1.2624365783423956e-06
0	chr5B	556067538	563196609	1.47403140974065e-07
0	chr5B	563196609	570325680	4.2794460282793074e-08
0	chr5B	570325680	577454751	4.279446028279307e-07
0	chr5B	577454751	584583822	3.6137544238803035e-07
0	chr5B	584583822	591712893	7.179959447446393e-07
0	chr5B	591712893	598841964	4.0654737268653417e-07
0	chr5B	598841964	605971035	1.8068772119401518e-07
0	chr5B	605971035	613100106	1.3551579089551138e-07
0	chr5B	613100106	620229177	1.5215808100548645e-07
0	chr5B	620229177	627358248	4.2318966279650924e-07
0	chr5B	627358248	634487319	5.705928037705742e-08
0	chr5B	634487319	641616390	5.967449739433922e-07
0	chr5B	641616390	648745461	2.543892916810477e-07
0	chr5B	648745461	655874532	2.924288119324193e-07
0	chr5B	655874532	663003603	5.254208734720704e-07
0	chr5B	663003603	670132674	8.820413758286793e-07
0	chr5B	670132674	677261745	1.759327811625937e-07
0	chr5B	677261745	684390816	7.560354649960108e-07
0	chr5B	684390816	691519887	3.494880923094767e-07
0	chr5B	691519887	698648958	9.319682461586046e-07
0	chr5B	698648958	705778029	3.494880923094767e-07
0	chr5B	705778029	712907100	6.442943742576067e-07
0	chr5D	0	5657192	8.38890161738263e-08
0	chr5D	5657192	11314384	2.4567497593763413e-07
0	chr5D	11314384	16971576	7.190487100613681e-08
0	chr5D	16971576	22628768	1.6478199605573023e-07
0	chr5D	22628768	28285960	4.793658067075788e-08
0	chr5D	28285960	33943152	9.886919763343813e-08
0	chr5D	33943152	39600344	0.0
0	chr5D	39600344	45257536	1.3182559684458417e-07
0	chr5D	45257536	50914728	0.0
0	chr5D	50914728	56571920	2.6964326627301305e-08
0	chr5D	56571920	62229112	3.025996654841591e-07
0	chr5D	62229112	67886304	0.0
0	chr5D	67886304	73543496	2.396829033537894e-07
0	chr5D	73543496	79200688	1.557938871799631e-07
0	chr5D	79200688	84857880	0.0
0	chr5D	84857880	90515072	0.0
0	chr5D	90515072	96172264	6.591279842229209e-08
0	chr5D	96172264	101829456	0.0
0	chr5D	101829456	107486648	0.0
0	chr5D	107486648	113143840	4.494054437883551e-08
0	chr5D	113143840	118801032	2.0972254043456574e-08
0	chr5D	118801032	124458224	0.0
0	chr5D	124458224	130115416	0.0
0	chr5D	130115416	135772608	7.190487100613681e-08
0	chr5D	135772608	141429800	0.0
0	chr5D	141429800	147086992	0.0
0	chr5D	147086992	152744184	0.0
0	chr5D	152744184	158401376	2.9960362919223674e-08
0	chr5D	158401376	164058568	0.0
0	chr5D	164058568	169715760	6.291676213036972e-08
0	chr5D	169715760	175372952	0.0
0	chr5D	175372952	181030144	8.089297988190392e-08
0	chr5D	181030144	186687336	0.0
0	chr5D	186687336	192344528	1.198414516768947e-07
0	chr5D	192344528	198001720	0.0
0	chr5D	198001720	203658912	0.0
0	chr5D	203658912	209316104	0.0
0	chr5D	209316104	214973296	0.0
0	chr5D	214973296	220630488	0.0
0	chr5D	220630488	226287680	6.591279842229209e-08
0	chr5D	226287680	231944872	1.7976217751534202e-08
0	chr5D	231944872	237602064	0.0
0	chr5D	237602064	243259256	8.089297988190392e-08
0	chr5D	243259256	248916448	0.0
0	chr5D	248916448	254573640	7.490090729805918e-08
0	chr5D	254573640	260230832	5.992072583844735e-08
0	chr5D	260230832	265888024	0.0
0	chr5D	265888024	271545216	0.0
0	chr5D	271545216	277202408	8.089297988190392e-08
0	chr5D	277202408	282859600	5.093261696268025e-08
0	chr5D	282859600	288516792	0.0
0	chr5D	288516792	294173984	0.0
0	chr5D	294173984	299831176	0.0
0	chr5D	299831176	305488368	7.490090729805918e-08
0	chr5D	305488368	311145560	0.0
0	chr5D	311145560	316802752	0.0
0	chr5D	316802752	322459944	0.0
0	chr5D	322459944	328117136	6.591279842229209e-08
0	chr5D	328117136	333774328	0.0
0	chr5D	333774328	339431520	0.0
0	chr5D	339431520	345088712	5.093261696268025e-08
0	chr5D	345088712	350745904	9.587316134151576e-08
0	chr5D	350745904	356403096	5.093261696268025e-08
0	chr5D	356403096	362060288	7.190487100613681e-08
0	chr5D	362060288	367717480	6.591279842229209e-08
0	chr5D	367717480	373374672	2.3668686706186702e-07
0	chr5D	373374672	379031864	0.0
0	chr5D	379031864	384689056	2.6365119368916834e-07
0	chr5D	384689056	390346248	1.8875028639110915e-07
0	chr5D	390346248	396003440	2.0672650414264336e-07
0	chr5D	396003440	401660632	1.8575425009918678e-07
0	chr5D	401660632	407317824	7.490090729805918e-08
0	chr5D	407317824	412975016	9.287712504959339e-08
0	chr5D	412975016	418632208	0.0
0	chr5D	418632208	424289400	1.677780323476526e-07
0	chr5D	424289400	429946592	1.2583352426073943e-07
0	chr5D	429946592	435603784	1.8875028639110915e-07
0	chr5D	435603784	441260976	3.7150850019837356e-07
0	chr5D	441260976	446918168	1.827582138072644e-07
0	chr5D	446918168	452575360	3.7150850019837356e-07
0	chr5D	452575360	458232552	2.0672650414264336e-07
0	chr5D	458232552	463889744	8.38890161738263e-08
0	chr5D	463889744	469546936	1.8575425009918678e-07
0	chr5D	469546936	475204128	1.0486127021728287e-07
0	chr5D	475204128	480861320	9.886919763343813e-08
0	chr5D	480861320	486518512	1.5878992347188546e-07
0	chr5D	486518512	492175704	6.890883471421444e-08
0	chr5D	492175704	497832896	1.6478199605573023e-07
0	chr5D	497832896	503490088	7.190487100613681e-08
0	chr5D	503490088	509147280	9.886919763343813e-08
0	chr5D	509147280	514804472	1.7676614122341967e-07
0	chr5D	514804472	520461664	1.5878992347188546e-07
0	chr5D	520461664	526118856	1.3781766942842888e-07
0	chr5D	526118856	531776048	2.03730467850721e-07
0	chr5D	531776048	537433240	1.6178595976380783e-07
0	chr5D	537433240	543090432	5.902191495087064e-07
0	chr5D	543090432	548747624	4.583935526641222e-07
0	chr5D	548747624	554404816	1.0905572102597416e-06
0	chr5D	554404816	560062008	3.265679558195381e-07
0	chr5D	560062008	565719200	7.879575447755826e-07
0	chr6A	0	6170559	5.987974921295281e-07
0	chr6A	6170559	12341118	4.6420539527472584e-07
0	chr6A	12341118	18511677	4.53218285327395e-07
0	chr6A	18511677	24682236	6.592265968398473e-07
0	chr6A	24682236	30852795	6.125313795636914e-07
0	chr6A	30852795	37023354	1.7854053664412533e-07
0	chr6A	37023354	43193913	1.9502120156512148e-07
0	chr6A	43193913	49364472	2.636906387359389e-07
0	chr6A	49364472	55535031	7.004282591423379e-07
0	chr6A	55535031	61705590	3.955359581039084e-07
0	chr6A	61705590	67876149	2.6094386124910623e-07
0	chr6A	67876149	74046708	3.6532140574874876e-07
0	chr6A	74046708	80217267	1.4283242931530027e-07
0	chr6A	80217267	86387826	1.6755342669679453e-07
0	chr6A	86387826	92558385	4.2575051045906804e-07
0	chr6A	92558385	98728944	2.6094386124910623e-07
0	chr6A	98728944	104899503	4.010295130775738e-07
0	chr6A	104899503	111070062	5.713297172612011e-07
0	chr6A	111070062	117240621	5.987974921295281e-07
0	chr6A	117240621	123411180	0.0
0	chr6A	123411180	129581739	0.0
0	chr6A	129581739	135752298	0.0
0	chr6A	135752298	141922857	0.0
0	chr6A	141922857	148093416	7.416299214448283e-08
0	chr6A	148093416	154263975	7.965654711814821e-08
0	chr6A	154263975	160434534	6.592265968398472e-08
0	chr6A	160434534	166605093	0.0
0	chr6A	166605093	172775652	0.0
0	chr6A	172775652	178946211	0.0
0	chr6A	178946211	185116770	6.592265968398472e-08
0	chr6A	185116770	191287329	0.0
0	chr6A	191287329	197457888	6.866943717081743e-08
0	chr6A	197457888	203628447	0.0
0	chr6A	203628447	209799006	0.0
0	chr6A	209799006	215969565	6.592265968398472e-08
0	chr6A	215969565	222140124	0.0
0	chr6A	222140124	228310683	0.0
0	chr6A	228310683	234481242	9.33904345523117e-08
0	chr6A	234481242	240651801	0.0
0	chr6A	240651801	246822360	0.0
0	chr6A	246822360	252992919	0.0
0	chr6A	252992919	259163478	0.0
0	chr6A	259163478	265334037	0.0
0	chr6A	265334037	271504596	0.0
0	chr6A	271504596	277675155	0.0
0	chr6A	277675155	283845714	0.0
0	chr6A	283845714	290016273	0.0
0	chr6A	290016273	296186832	0.0
0	chr6A	296186832	302357391	0.0
0	chr6A	302357391	308527950	0.0
0	chr6A	308527950	314698509	0.0
0	chr6A	314698509	320869068	0.0
0	chr6A	320869068	327039627	0.0
0	chr6A	327039627	333210186	0.0
0	chr6A	333210186	339380745	0.0
0	chr6A	339380745	345551304	0.0
0	chr6A	345551304	351721863	0.0
0	chr6A	351721863	357892422	0.0
0	chr6A	357892422	364062981	0.0
0	chr6A	364062981	370233540	0.0
0	chr6A	370233540	376404099	0.0
0	chr6A	376404099	382574658	0.0
0	chr6A	382574658	388745217	0.0
0	chr6A	388745217	394915776	0.0
0	chr6A	394915776	401086335	1.098710994733079e-08
0	chr6A	401086335	407256894	6.592265968398472e-08
0	chr6A	407256894	413427453	1.4008565182846755e-07
0	chr6A	413427453	419598012	1.4283242931530027e-07
0	chr6A	419598012	425768571	2.3622286386761195e-07
0	chr6A	425768571	431939130	7.416299214448283e-08
0	chr6A	431939130	438109689	8.24033246049809e-09
0	chr6A	438109689	444280248	1.016307670128098e-07
0	chr6A	444280248	450450807	2.3347608638077925e-07
0	chr6A	450450807	456621366	8.240332460498092e-08
0	chr6A	456621366	462791925	7.690976963131552e-08
0	chr6A	462791925	468962484	0.0
0	chr6A	468962484	475133043	0.0
0	chr6A	475133043	481303602	0.0
0	chr6A	481303602	487474161	7.690976963131552e-08
0	chr6A	487474161	493644720	1.648066492099618e-08
0	chr6A	493644720	499815279	3.3510685339358906e-07
0	chr6A	499815279	505985838	7.141621465765014e-08
0	chr6A	505985838	512156397	0.0
0	chr6A	512156397	518326956	1.3184531936796945e-07
0	chr6A	518326956	524497515	8.515010209181361e-08
0	chr6A	524497515	530668074	6.592265968398472e-08
0	chr6A	530668074	536838633	2.197421989466158e-08
0	chr6A	536838633	543009192	8.240332460498092e-08
0	chr6A	543009192	549179751	4.889263926562202e-07
0	chr6A	549179751	555350310	3.4609396334091983e-07
0	chr6A	555350310	561520869	1.9227442407828881e-07
0	chr6A	561520869	567691428	5.987974921295281e-07
0	chr6A	567691428	573861987	4.2575051045906804e-07
0	chr6A	573861987	580032546	6.317588219715203e-08
0	chr6A	580032546	586203105	7.278960340106648e-07
0	chr6A	586203105	592373664	4.120166230249046e-08
0	chr6A	592373664	598544223	8.350203559971399e-07
0	chr6A	598544223	604714782	5.878103821821972e-07
0	chr6A	604714782	610885341	1.3761355209031812e-06
0	chr6B	0	7209859	6.112157895205647e-07
0	chr6B	7209859	14419718	1.622072672189191e-07
0	chr6B	14419718	21629577	1.7866307693678046e-07
0	chr6B	21629577	28839436	4.043427530674505e-07
0	chr6B	28839436	36049295	7.757738866991783e-08
0	chr6B	36049295	43259154	1.481022874607522e-07
0	chr6B	43259154	50469013	5.406908907297303e-08
0	chr6B	50469013	57678872	1.6925975709800252e-07
0	chr6B	57678872	64888731	2.8209959516333758e-08
0	chr6B	64888731	72098590	1.269448178235019e-07
0	chr6B	72098590	79308449	9.638402834747366e-08
0	chr6B	79308449	86518308	3.52624493954172e-08
0	chr6B	86518308	93728167	5.877074899236199e-08
0	chr6B	93728167	100938026	4.701659919388959e-09
0	chr6B	100938026	108147885	0.0
0	chr6B	108147885	115357744	6.81740688311399e-08
0	chr6B	115357744	122567603	4.7016599193889594e-07
0	chr6B	122567603	129777462	3.361686842363106e-07
0	chr6B	129777462	136987321	2.9385374496180996e-07
0	chr6B	136987321	144197180	5.218842510521745e-07
0	chr6B	144197180	151407039	4.960251214955352e-07
0	chr6B	151407039	158616898	6.91144008150177e-07
0	chr6B	158616898	165826757	2.2567967613067006e-07
0	chr6B	165826757	173036616	2.280305060903645e-07
0	chr6B	173036616	180246475	1.7866307693678046e-07
0	chr6B	180246475	187456334	3.0560789476028235e-07
0	chr6B	187456334	194666193	3.502736639944775e-07
0	chr6B	194666193	201876052	2.84450425123032e-07
0	chr6B	201876052	209085911	1.0108568826686263e-07
0	chr6B	209085911	216295770	6.582323887144543e-08
0	chr6B	216295770	223505629	1.880663967755584e-07
0	chr6B	223505629	230715488	2.3743382592914245e-07
0	chr6B	230715488	237925347	2.6799461540517066e-07
0	chr6B	237925347	245135206	1.6455809717861356e-08
0	chr6B	245135206	252345065	1.0578734818625158e-07
0	chr6B	252345065	259554924	5.6419919032667515e-08
0	chr6B	259554924	266764783	3.52624493954172e-08
0	chr6B	266764783	273974642	0.0
0	chr6B	273974642	281184501	3.7613279355111675e-08
0	chr6B	281184501	288394360	0.0
0	chr6B	288394360	295604219	0.0
0	chr6B	295604219	302814078	0.0
0	chr6B	302814078	310023937	1.0108568826686263e-07
0	chr6B	310023937	317233796	0.0
0	chr6B	317233796	324443655	0.0
0	chr6B	324443655	331653514	0.0
0	chr6B	331653514	338863373	1.0578734818625158e-07
0	chr6B	338863373	346073232	1.386989676219743e-07
0	chr6B	346073232	353283091	1.0108568826686263e-07
0	chr6B	353283091	360492950	1.3164647774289085e-07
0	chr6B	360492950	367702809	9.40331983877792e-08
0	chr6B	367702809	374912668	0.0
0	chr6B	374912668	382122527	0.0
0	chr6B	382122527	389332386	8.933153846839023e-08
0	chr6B	389332386	396542245	1.5750560729953013e-07
0	chr6B	396542245	403752104	0.0
0	chr6B	403752104	410961963	0.0
0	chr6B	410961963	418171822	5.6419919032667515e-08
0	chr6B	418171822	425381681	0.0
0	chr6B	425381681	432591540	0.0
0	chr6B	432591540	439801399	2.2567967613067006e-07
0	chr6B	439801399	447011258	1.0343651822655711e-07
0	chr6B	447011258	454221117	2.2567967613067006e-07
0	chr6B	454221117	461430976	3.361686842363106e-07
0	chr6B	461430976	468640835	2.985554048811989e-07
0	chr6B	468640835	475850694	1.1425033604115172e-06
0	chr6B	475850694	483060553	1.71610587057697e-07
0	chr6B	483060553	490270412	1.151906680250295e-07
0	chr6B	490270412	497480271	7.287572875052887e-08
0	chr6B	497480271	504690130	0.0
0	chr6B	504690130	511899989	0.0
0	chr6B	511899989	519109848	1.645580971786136e-07
0	chr6B	519109848	526319707	2.6799461540517066e-07
0	chr6B	526319707	533529566	4.3020188262408977e-07
0	chr6B	533529566	540739425	1.0343651822655711e-07
0	chr6B	540739425	547949284	7.287572875052887e-08
0	chr6B	547949284	555159143	2.30381336050059e-07
0	chr6B	555159143	562369002	3.878869433495892e-07
0	chr6B	562369002	569578861	2.7504710528425414e-07
0	chr6B	569578861	576788720	6.135666194802592e-07
0	chr6B	576788720	583998579	6.934948381098714e-07
0	chr6B	583998579	591208438	1.598564372592246e-07
0	chr6B	591208438	598418297	2.0452220649341974e-07
0	chr6B	598418297	605628156	7.522655871022335e-08
0	chr6B	605628156	612838015	1.4575145750105774e-07
0	chr6B	612838015	620047874	1.1754149798472399e-07
0	chr6B	620047874	627257733	7.99282186296123e-08
0	chr6B	627257733	634467592	8.462987854900126e-08
0	chr6B	634467592	641677451	9.40331983877792e-08
0	chr6B	641677451	648887310	2.5859129556639275e-07
0	chr6B	648887310	656097169	2.2332884617097558e-07
0	chr6B	656097169	663307028	6.347240891175095e-08
0	chr6B	663307028	670516887	2.6564378544547623e-07
0	chr6B	670516887	677726746	1.0813817814594606e-07
0	chr6B	677726746	684936605	3.7143113363172783e-07
0	chr6B	684936605	692146464	1.739614170173915e-07
0	chr6B	692146464	699356323	5.406908907297304e-07
0	chr6B	699356323	706566182	5.759533401251474e-07
0	chr6B	706566182	713776041	7.475639271828445e-07
0	chr6D	0	4734187	6.838107864334932e-07
0	chr6D	4734187	9468374	5.764059508680231e-07
0	chr6D	9468374	14202561	1.8974854283233062e-07
0	chr6D	14202561	18936748	3.365351514384731e-07
0	chr6D	18936748	23670935	2.0764934875990897e-07
0	chr6D	23670935	28405122	4.654209541170373e-07
0	chr6D	28405122	33139309	0.0
0	chr6D	33139309	37873496	0.0
0	chr6D	37873496	42607683	0.0
0	chr6D	42607683	47341870	0.0
0	chr6D	47341870	52076057	5.0122256597219405e-08
0	chr6D	52076057	56810244	2.2555015468748734e-07
0	chr6D	56810244	61544431	3.6875660210811416e-07
0	chr6D	61544431	66278618	0.0
0	chr6D	66278618	71012805	1.0740483556547014e-07
0	chr6D	71012805	75746992	2.4703112180058134e-07
0	chr6D	75746992	80481179	2.2555015468748734e-07
0	chr6D	80481179	85215366	8.950402963789178e-08
0	chr6D	85215366	89949553	5.0122256597219405e-08
0	chr6D	89949553	94683740	1.1098499675098583e-07
0	chr6D	94683740	99417927	1.0740483556547014e-07
0	chr6D	99417927	104152114	0.0
0	chr6D	104152114	108886301	0.0
0	chr6D	108886301	113620488	0.0
0	chr6D	113620488	118354675	7.876354608134478e-08
0	chr6D	118354675	123088862	0.0
0	chr6D	123088862	127823049	0.0
0	chr6D	127823049	132557236	0.0
0	chr6D	132557236	137291423	0.0
0	chr6D	137291423	142025610	0.0
0	chr6D	142025610	146759797	0.0
0	chr6D	146759797	151493984	0.0
0	chr6D	151493984	156228171	0.0
0	chr6D	156228171	160962358	1.1098499675098583e-07
0	chr6D	160962358	165696545	0.0
0	chr6D	165696545	170430732	0.0
0	chr6D	170430732	175164919	0.0
0	chr6D	175164919	179899106	0.0
0	chr6D	179899106	184633293	0.0
0	chr6D	184633293	189367480	0.0
0	chr6D	189367480	194101667	0.0
0	chr6D	194101667	198835854	0.0
0	chr6D	198835854	203570041	0.0
0	chr6D	203570041	208304228	0.0
0	chr6D	208304228	213038415	0.0
0	chr6D	213038415	217772602	0.0
0	chr6D	217772602	222506789	0.0
0	chr6D	222506789	227240976	0.0
0	chr6D	227240976	231975163	0.0
0	chr6D	231975163	236709350	0.0
0	chr6D	236709350	241443537	0.0
0	chr6D	241443537	246177724	0.0
0	chr6D	246177724	250911911	0.0
0	chr6D	250911911	255646098	0.0
0	chr6D	255646098	260380285	0.0
0	chr6D	260380285	265114472	0.0
0	chr6D	265114472	269848659	0.0
0	chr6D	269848659	274582846	0.0
0	chr6D	274582846	279317033	1.0740483556547015e-08
0	chr6D	279317033	284051220	0.0
0	chr6D	284051220	288785407	8.592386845237612e-08
0	chr6D	288785407	293519594	7.876354608134478e-08
0	chr6D	293519594	298253781	1.0740483556547014e-07
0	chr6D	298253781	302987968	0.0
0	chr6D	302987968	307722155	2.899930560267694e-07
0	chr6D	307722155	312456342	2.1122950994542465e-07
0	chr6D	312456342	317190529	0.0
0	chr6D	317190529	321924716	0.0
0	chr6D	321924716	326658903	0.0
0	chr6D	326658903	331393090	0.0
0	chr6D	331393090	336127277	0.0
0	chr6D	336127277	340861464	0.0
0	chr6D	340861464	345595651	6.086274015376642e-08
0	chr6D	345595651	350329838	0.0
0	chr6D	350329838	355064025	0.0
0	chr6D	355064025	359798212	3.938177304067239e-08
0	chr6D	359798212	364532399	0.0
0	chr6D	364532399	369266586	0.0
0	chr6D	369266586	374000773	0.0
0	chr6D	374000773	378734960	1.6826757571923656e-07
0	chr6D	378734960	383469147	0.0
0	chr6D	383469147	388203334	1.790080592757836e-08
0	chr6D	388203334	392937521	1.790080592757836e-08
0	chr6D	392937521	397671708	0.0
0	chr6D	397671708	402405895	1.5394693097717387e-07
0	chr6D	402405895	407140082	0.0
0	chr6D	407140082	411874269	0.0
0	chr6D	411874269	416608456	0.0
0	chr6D	416608456	421342643	0.0
0	chr6D	421342643	426076830	4.188788587053336e-07
0	chr6D	426076830	430811017	0.0
0	chr6D	430811017	435545204	0.0
0	chr6D	435545204	440279391	0.0
0	chr6D	440279391	445013578	6.802306252479776e-08
0	chr6D	445013578	449747765	1.7900805927578356e-07
0	chr6D	449747765	454481952	1.8616838164681493e-07
0	chr6D	454481952	459216139	4.4752014818945896e-07
0	chr6D	459216139	463950326	1.3712017340525023e-06
0	chr6D	463950326	468684513	5.549249837549291e-07
0	chr7A	0	7366890	6.925167764489816e-07
0	chr7A	7366890	14733780	7.063210975742104e-07
0	chr7A	14733780	22100670	4.854519595705485e-07
0	chr7A	22100670	29467560	6.787124553237526e-07
0	chr7A	29467560	36834450	3.198001060678021e-07
0	chr7A	36834450	44201340	1.656518535027464e-07
0	chr7A	44201340	51568230	2.7608642250457734e-07
0	chr7A	51568230	58935120	3.267022666304165e-07
0	chr7A	58935120	66302010	2.3467345912889075e-07
0	chr7A	66302010	73668900	4.371368356322475e-08
0	chr7A	73668900	81035790	2.5537994081673404e-07
0	chr7A	81035790	88402680	4.394375558197856e-07
0	chr7A	88402680	95769570	1.1503600937690722e-07
0	chr7A	95769570	103136460	0.0
0	chr7A	103136460	110503350	4.0032531263163715e-07
0	chr7A	110503350	117870240	8.74273671264495e-08
0	chr7A	117870240	125237130	2.530792206291959e-07
0	chr7A	125237130	132604020	1.495468121899794e-07
0	chr7A	132604020	139970910	7.362304600122062e-08
0	chr7A	139970910	147337800	1.0123168825167835e-07
0	chr7A	147337800	154704690	0.0
0	chr7A	154704690	162071580	0.0
0	chr7A	162071580	169438470	0.0
0	chr7A	169438470	176805360	0.0
0	chr7A	176805360	184172250	0.0
0	chr7A	184172250	191539140	4.601440375076289e-08
0	chr7A	191539140	198906030	0.0
0	chr7A	198906030	206272920	6.442016525106805e-08
0	chr7A	206272920	213639810	7.592376618875877e-08
0	chr7A	213639810	221006700	5.0615844125839176e-08
0	chr7A	221006700	228373590	4.371368356322475e-08
0	chr7A	228373590	235740480	2.3007201875381443e-09
0	chr7A	235740480	243107370	7.592376618875877e-08
0	chr7A	243107370	250474260	0.0
0	chr7A	250474260	257841150	5.981872487599175e-08
0	chr7A	257841150	265208040	1.3574249106475051e-07
0	chr7A	265208040	272574930	1.449453718149031e-07
0	chr7A	272574930	279941820	9.202880750152577e-09
0	chr7A	279941820	287308710	7.132232581368248e-08
0	chr7A	287308710	294675600	0.0
0	chr7A	294675600	302042490	0.0
0	chr7A	302042490	309409380	5.2916564313377325e-08
0	chr7A	309409380	316776270	0.0
0	chr7A	316776270	324143160	0.0
0	chr7A	324143160	331510050	0.0
0	chr7A	331510050	338876940	0.0
0	chr7A	338876940	346243830	5.2916564313377325e-08
0	chr7A	346243830	353610720	0.0
0	chr7A	353610720	360977610	0.0
0	chr7A	360977610	368344500	0.0
0	chr7A	368344500	375711390	0.0
0	chr7A	375711390	383078280	0.0
0	chr7A	383078280	390445170	0.0
0	chr7A	390445170	397812060	0.0
0	chr7A	397812060	405178950	0.0
0	chr7A	405178950	412545840	2.7608642250457734e-08
0	chr7A	412545840	419912730	0.0
0	chr7A	419912730	427279620	0.0
0	chr7A	427279620	434646510	0.0
0	chr7A	434646510	442013400	0.0
0	chr7A	442013400	449380290	0.0
0	chr7A	449380290	456747180	0.0
0	chr7A	456747180	464114070	0.0
0	chr7A	464114070	471480960	0.0
0	chr7A	471480960	478847850	0.0
0	chr7A	478847850	486214740	1.3804321125228867e-07
0	chr7A	486214740	493581630	0.0
0	chr7A	493581630	500948520	4.601440375076289e-09
0	chr7A	500948520	508315410	1.6105041312767013e-08
0	chr7A	508315410	515682300	2.4157561969150516e-07
0	chr7A	515682300	523049190	2.0476409669089486e-07
0	chr7A	523049190	530416080	0.0
0	chr7A	530416080	537782970	1.4724609200244124e-07
0	chr7A	537782970	545149860	4.1412963375686603e-07
0	chr7A	545149860	552516750	5.2916564313377325e-08
0	chr7A	552516750	559883640	8.972808731398763e-08
0	chr7A	559883640	567250530	5.268649229462351e-07
0	chr7A	567250530	574617420	1.74854734252899e-07
0	chr7A	574617420	581984310	2.622821013793485e-07
0	chr7A	581984310	589351200	8.052520656383506e-08
0	chr7A	589351200	596718090	1.3344177087721238e-07
0	chr7A	596718090	604084980	5.981872487599175e-08
0	chr7A	604084980	611451870	2.024633765033567e-07
0	chr7A	611451870	618818760	4.6244475769516704e-07
0	chr7A	618818760	626185650	4.2103179431948045e-07
0	chr7A	626185650	633552540	1.0353240843921651e-07
0	chr7A	633552540	640919430	4.026260328191753e-07
0	chr7A	640919430	648286320	8.029513454508124e-07
0	chr7A	648286320	655653210	4.14129633756866e-08
0	chr7A	655653210	663020100	2.2086913800366187e-07
0	chr7A	663020100	670386990	2.277712985662763e-07
0	chr7A	670386990	677753880	5.981872487599176e-07
0	chr7A	677753880	685120770	2.5077850044165773e-07
0	chr7A	685120770	692487660	4.256332346945567e-07
0	chr7A	692487660	699854550	1.3344177087721238e-07
0	chr7A	699854550	707221440	2.8759002344226806e-07
0	chr7A	707221440	714588330	1.0215197632669362e-06
0	chr7A	714588330	721955220	4.371368356322475e-07
0	chr7A	721955220	729322110	2.0016265631581858e-07
0	chr7B	0	7505936	6.909785372491987e-07
0	chr7B	7505936	15011872	1.03872590566873e-07
0	chr7B	15011872	22517808	1.3322788790098928e-07
0	chr7B	22517808	30023744	2.05487081338814e-07
0	chr7B	30023744	37529680	2.2355187969827017e-07
0	chr7B	37529680	45035616	4.1323226247256005e-07
0	chr7B	45035616	52541552	2.9129487354623085e-07
0	chr7B	52541552	60047488	2.890367737512988e-07
0	chr7B	60047488	67553424	4.019417634978999e-07
0	chr7B	67553424	75059360	1.3774408749085336e-07
0	chr7B	75059360	82565296	2.9355297334116284e-08
0	chr7B	82565296	90071232	2.03228981543882e-08
0	chr7B	90071232	97577168	9.032399179728087e-09
0	chr7B	97577168	105083104	1.241954887212612e-07
0	chr7B	105083104	112589040	1.9419658236415388e-07
0	chr7B	112589040	120094976	1.5129268626044546e-07
0	chr7B	120094976	127600912	2.1226138072361008e-07
0	chr7B	127600912	135106848	5.19362952834365e-08
0	chr7B	135106848	142612784	0.0
0	chr7B	142612784	150118720	0.0
0	chr7B	150118720	157624656	4.854914559103847e-07
0	chr7B	157624656	165130592	2.438747778526584e-07
0	chr7B	165130592	172636528	8.354969241248481e-08
0	chr7B	172636528	180142464	1.9193848256922187e-07
0	chr7B	180142464	187648400	1.6032508544017355e-07
0	chr7B	187648400	195154336	1.5355078605537752e-07
0	chr7B	195154336	202660272	2.6871387559691063e-07
0	chr7B	202660272	210166208	1.1516308954153313e-07
0	chr7B	210166208	217672144	2.7097197539184263e-08
0	chr7B	217672144	225178080	1.129049897466011e-08
0	chr7B	225178080	232684016	9.032399179728087e-09
0	chr7B	232684016	240189952	1.3322788790098928e-07
0	chr7B	240189952	247695888	1.445183868756494e-07
0	chr7B	247695888	255201824	0.0
0	chr7B	255201824	262707760	0.0
0	chr7B	262707760	270213696	5.871059466823257e-08
0	chr7B	270213696	277719632	0.0
0	chr7B	277719632	285225568	0.0
0	chr7B	285225568	292731504	0.0
0	chr7B	292731504	300237440	0.0
0	chr7B	300237440	307743376	0.0
0	chr7B	307743376	315249312	0.0
0	chr7B	315249312	322755248	0.0
0	chr7B	322755248	330261184	1.4226028708071738e-07
0	chr7B	330261184	337767120	1.1967928913139716e-07
0	chr7B	337767120	345273056	0.0
0	chr7B	345273056	352778992	7.000109364289269e-08
0	chr7B	352778992	360284928	0.0
0	chr7B	360284928	367790864	0.0
0	chr7B	367790864	375296800	0.0
0	chr7B	375296800	382802736	0.0
0	chr7B	382802736	390308672	0.0
0	chr7B	390308672	397814608	5.4194395078368526e-08
0	chr7B	397814608	405320544	0.0
0	chr7B	405320544	412826480	3.3871496923980324e-08
0	chr7B	412826480	420332416	0.0
0	chr7B	420332416	427838352	3.838769651384438e-08
0	chr7B	427838352	435344288	0.0
0	chr7B	435344288	442850224	5.871059466823257e-08
0	chr7B	442850224	450356160	0.0
0	chr7B	450356160	457862096	5.4194395078368526e-08
0	chr7B	457862096	465368032	6.09686944631646e-08
0	chr7B	465368032	472873968	8.354969241248481e-08
0	chr7B	472873968	480379904	3.838769651384438e-08
0	chr7B	480379904	487885840	5.19362952834365e-08
0	chr7B	487885840	495391776	1.625831852351056e-07
0	chr7B	495391776	502897712	1.4000218728578537e-07
0	chr7B	502897712	510403648	0.0
0	chr7B	510403648	517909584	1.7838988379962975e-07
0	chr7B	517909584	525415520	1.5129268626044546e-07
0	chr7B	525415520	532921456	4.9678195488504483e-08
0	chr7B	532921456	540427392	1.4226028708071738e-07
0	chr7B	540427392	547933328	1.5355078605537752e-07
0	chr7B	547933328	555439264	2.2355187969827017e-07
0	chr7B	555439264	562945200	7.903349282262077e-08
0	chr7B	562945200	570451136	8.24206425150188e-07
0	chr7B	570451136	577957072	4.290389610370842e-08
0	chr7B	577957072	585463008	4.9678195488504483e-08
0	chr7B	585463008	592968944	1.4903458646551344e-07
0	chr7B	592968944	600474880	1.4903458646551344e-07
0	chr7B	600474880	607980816	1.03872590566873e-07
0	chr7B	607980816	615486752	2.393585782627943e-07
0	chr7B	615486752	622992688	2.9355297334116284e-08
0	chr7B	622992688	630498624	2.709719753918426e-07
0	chr7B	630498624	638004560	1.0838879015673705e-07
0	chr7B	638004560	645510496	6.367841421708302e-07
0	chr7B	645510496	653016432	1.4677648667058143e-07
0	chr7B	653016432	660522368	4.380713602168123e-07
0	chr7B	660522368	668028304	0.0
0	chr7B	668028304	675534240	2.0322898154388198e-07
0	chr7B	675534240	683040176	1.0613069036180504e-07
0	chr7B	683040176	690546112	3.206501708803471e-07
0	chr7B	690546112	698052048	5.871059466823257e-08
0	chr7B	698052048	705557984	6.209774436063061e-07
0	chr7B	705557984	713063920	6.571070403252185e-07
0	chr7B	713063920	720569856	8.422712235096442e-07
0	chr7B	720569856	728075792	1.3322788790098928e-07
0	chr7B	728075792	735581728	5.667830485279376e-07
0	chr7B	735581728	743087664	1.7838988379962975e-07
0	chr7B	743087664	750593600	3.8387696513844375e-07
0	chr7D	0	6358468	1.0315884319773734e-06
0	chr7D	6358468	12716936	5.357862398642172e-07
0	chr7D	12716936	19075404	4.5048693799528707e-07
0	chr7D	19075404	25433872	2.45235492873174e-07
0	chr7D	25433872	31792340	2.239106674059415e-07
0	chr7D	31792340	38150808	2.0525144512211305e-07
0	chr7D	38150808	44509276	2.2124506422253743e-07
0	chr7D	44509276	50867744	5.864327003488944e-08
0	chr7D	50867744	57226212	4.798085730127318e-08
0	chr7D	57226212	63584680	2.45235492873174e-07
0	chr7D	63584680	69943148	0.0
0	chr7D	69943148	76301616	0.0
0	chr7D	76301616	82660084	4.264965093446505e-08
0	chr7D	82660084	89018552	2.932163501744472e-08
0	chr7D	89018552	95377020	0.0
0	chr7D	95377020	101735488	1.0129292096935448e-07
0	chr7D	101735488	108093956	0.0
0	chr7D	108093956	114452424	9.596171460254635e-08
0	chr7D	114452424	120810892	4.531525411786911e-08
0	chr7D	120810892	127169360	0.0
0	chr7D	127169360	133527828	0.0
0	chr7D	133527828	139886296	0.0
0	chr7D	139886296	146244764	8.263369868552603e-08
0	chr7D	146244764	152603232	0.0
0	chr7D	152603232	158961700	0.0
0	chr7D	158961700	165320168	0.0
0	chr7D	165320168	171678636	0.0
0	chr7D	171678636	178037104	0.0
0	chr7D	178037104	184395572	0.0
0	chr7D	184395572	190754040	1.0395852415275856e-07
0	chr7D	190754040	197112508	0.0
0	chr7D	197112508	203470976	0.0
0	chr7D	203470976	209829444	7.463688913531382e-08
0	chr7D	209829444	216187912	7.73024923187179e-08
0	chr7D	216187912	222546380	3.4652841384252855e-08
0	chr7D	222546380	228904848	1.5727058782083985e-07
0	chr7D	228904848	235263316	0.0
0	chr7D	235263316	241621784	1.6793300055445612e-07
0	chr7D	241621784	247980252	5.864327003488944e-08
0	chr7D	247980252	254338720	0.0
0	chr7D	254338720	260697188	0.0
0	chr7D	260697188	267055656	0.0
0	chr7D	267055656	273414124	0.0
0	chr7D	273414124	279772592	0.0
0	chr7D	279772592	286131060	0.0
0	chr7D	286131060	292489528	0.0
0	chr7D	292489528	298847996	0.0
0	chr7D	298847996	305206464	0.0
0	chr7D	305206464	311564932	0.0
0	chr7D	311564932	317923400	0.0
0	chr7D	317923400	324281868	0.0
0	chr7D	324281868	330640336	0.0
0	chr7D	330640336	336998804	0.0
0	chr7D	336998804	343357272	0.0
0	chr7D	343357272	349715740	0.0
0	chr7D	349715740	356074208	0.0
0	chr7D	356074208	362432676	0.0
0	chr7D	362432676	368791144	5.5977666851485375e-08
0	chr7D	368791144	375149612	0.0
0	chr7D	375149612	381508080	0.0
0	chr7D	381508080	387866548	0.0
0	chr7D	387866548	394225016	5.864327003488944e-08
0	chr7D	394225016	400583484	0.0
0	chr7D	400583484	406941952	8.796490505233416e-08
0	chr7D	406941952	413300420	7.996809550212196e-08
0	chr7D	413300420	419658888	0.0
0	chr7D	419658888	426017356	0.0
0	chr7D	426017356	432375824	0.0
0	chr7D	432375824	438734292	0.0
0	chr7D	438734292	445092760	0.0
0	chr7D	445092760	451451228	0.0
0	chr7D	451451228	457809696	0.0
0	chr7D	457809696	464168164	5.064646048467724e-08
0	chr7D	464168164	470526632	5.864327003488944e-08
0	chr7D	470526632	476885100	1.1728654006977887e-07
0	chr7D	476885100	483243568	5.064646048467724e-08
0	chr7D	483243568	489602036	0.0
0	chr7D	489602036	495960504	6.664007958510164e-08
0	chr7D	495960504	502318972	1.3861136553701142e-07
0	chr7D	502318972	508677440	0.0
0	chr7D	508677440	515035908	0.0
0	chr7D	515035908	521394376	3.2786919155870003e-07
0	chr7D	521394376	527752844	1.5993619100424391e-07
0	chr7D	527752844	534111312	4.264965093446505e-08
0	chr7D	534111312	540469780	1.2794895280339515e-07
0	chr7D	540469780	546828248	2.0258584193870895e-07
0	chr7D	546828248	553186716	3.6785323930976106e-07
0	chr7D	553186716	559545184	2.745571278906187e-07
0	chr7D	559545184	565903652	5.331206366808131e-08
0	chr7D	565903652	572262120	0.0
0	chr7D	572262120	578620588	3.092099692748716e-07
0	chr7D	578620588	584979056	2.0791704830551712e-07
0	chr7D	584979056	591337524	1.2794895280339515e-07
0	chr7D	591337524	597695992	0.0
0	chr7D	597695992	604054460	1.0129292096935448e-07
0	chr7D	604054460	610412928	4.264965093446505e-08
0	chr7D	610412928	616771396	2.6389471515700245e-07
0	chr7D	616771396	623129864	2.399042865063659e-07
0	chr7D	623129864	629488332	8.52993018689301e-08
0	chr7D	629488332	635846800	4.398245252616708e-07
