Group	Chr	Start	End	Recombination Rate
1	chr1A	0	5935491	6.447925696167613e-07
1	chr1A	5935491	11870982	1.0815875361313416e-06
1	chr1A	11870982	17806473	6.323127134306305e-07
1	chr1A	17806473	23741964	4.2639508635947117e-07
1	chr1A	23741964	29677455	8.486302206568989e-07
1	chr1A	29677455	35612946	4.7007458301092924e-07
1	chr1A	35612946	41548437	4.0143537398720946e-07
1	chr1A	41548437	47483928	2.703968840328354e-07
1	chr1A	47483928	53419419	5.61593528375889e-07
1	chr1A	53419419	59354910	8.319904124087243e-08
1	chr1A	59354910	65290401	8.943896933393787e-08
1	chr1A	65290401	71225892	9.775887345802512e-08
1	chr1A	71225892	77161383	1.8719784279196296e-08
1	chr1A	77161383	83096874	0.0
1	chr1A	83096874	89032365	0.0
1	chr1A	89032365	94967856	7.695911314780699e-08
1	chr1A	94967856	100903347	1.1855863376824321e-07
1	chr1A	100903347	106838838	1.4351834614050494e-07
1	chr1A	106838838	112774329	1.2479856186130866e-07
1	chr1A	112774329	118709820	8.735899330291605e-08
1	chr1A	118709820	124645311	4.159952062043622e-09
1	chr1A	124645311	130580802	1.6639808248174487e-08
1	chr1A	130580802	136516293	1.8719784279196296e-08
1	chr1A	136516293	142451784	0.0
1	chr1A	142451784	148387275	1.6639808248174487e-08
1	chr1A	148387275	154322766	1.8719784279196296e-08
1	chr1A	154322766	160258257	3.951954458941441e-08
1	chr1A	160258257	166193748	4.575947268247984e-08
1	chr1A	166193748	172129239	0.0
1	chr1A	172129239	178064730	0.0
1	chr1A	178064730	184000221	0.0
1	chr1A	184000221	189935712	4.1599520620436216e-08
1	chr1A	189935712	195871203	0.0
1	chr1A	195871203	201806694	0.0
1	chr1A	201806694	207742185	7.695911314780699e-08
1	chr1A	207742185	213677676	6.239928093065433e-08
1	chr1A	213677676	219613167	1.7887793866787575e-07
1	chr1A	219613167	225548658	6.239928093065433e-08
1	chr1A	225548658	231484149	0.0
1	chr1A	231484149	237419640	4.783944871350166e-08
1	chr1A	237419640	243355131	0.0
1	chr1A	243355131	249290622	0.0
1	chr1A	249290622	255226113	4.1599520620436216e-08
1	chr1A	255226113	261161604	5.1999400775545275e-08
1	chr1A	261161604	267097095	0.0
1	chr1A	267097095	273032586	0.0
1	chr1A	273032586	278968077	0.0
1	chr1A	278968077	284903568	2.079976031021811e-09
1	chr1A	284903568	290839059	0.0
1	chr1A	290839059	296774550	5.1999400775545275e-08
1	chr1A	296774550	302710041	7.487913711678518e-08
1	chr1A	302710041	308645532	4.575947268247984e-08
1	chr1A	308645532	314581023	6.031930489963252e-08
1	chr1A	314581023	320516514	0.0
1	chr1A	320516514	326452005	0.0
1	chr1A	326452005	332387496	0.0
1	chr1A	332387496	338322987	2.4959712372261733e-08
1	chr1A	338322987	344258478	8.319904124087243e-09
1	chr1A	344258478	350193969	4.159952062043622e-09
1	chr1A	350193969	356129460	1.0399880155109055e-07
1	chr1A	356129460	362064951	4.9919424744523466e-08
1	chr1A	362064951	368000442	4.159952062043622e-09
1	chr1A	368000442	373935933	1.5391822629561398e-07
1	chr1A	373935933	379871424	2.079976031021811e-09
1	chr1A	379871424	385806915	5.4079376806567085e-08
1	chr1A	385806915	391742406	5.4079376806567085e-08
1	chr1A	391742406	397677897	1.4559832217152676e-08
1	chr1A	397677897	403613388	0.0
1	chr1A	403613388	409548879	0.0
1	chr1A	409548879	415484370	0.0
1	chr1A	415484370	421419861	0.0
1	chr1A	421419861	427355352	6.655923299269795e-08
1	chr1A	427355352	433290843	0.0
1	chr1A	433290843	439226334	0.0
1	chr1A	439226334	445161825	1.1855863376824321e-07
1	chr1A	445161825	451097316	1.0399880155109055e-07
1	chr1A	451097316	457032807	4.575947268247984e-08
1	chr1A	457032807	462968298	3.3903609305655513e-07
1	chr1A	462968298	468903789	1.351984420164177e-07
1	chr1A	468903789	474839280	6.302327373996087e-07
1	chr1A	474839280	480774771	2.079976031021811e-07
1	chr1A	480774771	486710262	5.82393288686107e-07
1	chr1A	486710262	492645753	2.1839748325729012e-07
1	chr1A	492645753	498581244	4.7007458301092924e-07
1	chr1A	498581244	504516735	8.028707479744189e-07
1	chr1A	504516735	510452226	5.033541995072783e-07
1	chr1A	510452226	516387717	7.633512033850046e-07
1	chr1A	516387717	522323208	3.431960451185988e-07
1	chr1A	522323208	528258699	1.4351834614050494e-07
1	chr1A	528258699	534194190	8.507101966879207e-07
1	chr1A	534194190	540129681	3.9935539795618773e-07
1	chr1A	540129681	546065172	6.655923299269795e-07
1	chr1A	546065172	552000663	1.1855863376824321e-07
1	chr1A	552000663	557936154	3.639958054288169e-07
1	chr1A	557936154	563871645	2.287973634123992e-08
1	chr1A	563871645	569807136	2.5167709975363915e-07
1	chr1A	569807136	575742627	3.785556376459696e-07
1	chr1A	575742627	581678118	4.7007458301092924e-07
1	chr1A	581678118	587613609	9.505490461769676e-07
1	chr1A	587613609	593549100	4.846344152280819e-07
1	chr1B	0	6887693	6.022550871747837e-07
1	chr1B	6887693	13775386	4.5706859294514846e-07
1	chr1B	13775386	20663079	4.982943876029461e-07
1	chr1B	20663079	27550772	1.6848803034056452e-07
1	chr1B	27550772	34438465	3.226366538436342e-07
1	chr1B	34438465	41326158	3.638624485014319e-07
1	chr1B	41326158	48213851	4.6782314807326957e-07
1	chr1B	48213851	55101544	3.782018553389267e-07
1	chr1B	55101544	61989237	2.0254412157961478e-07
1	chr1B	61989237	68876930	7.169703418747426e-09
1	chr1B	68876930	75764623	2.8678813674989705e-08
1	chr1B	75764623	82652316	2.8678813674989705e-08
1	chr1B	82652316	89540009	2.1329867670773592e-07
1	chr1B	89540009	96427702	1.398092166655748e-07
1	chr1B	96427702	103315395	8.065916346090855e-08
1	chr1B	103315395	110203088	1.1650768055464567e-07
1	chr1B	110203088	117090781	8.782886687965597e-08
1	chr1B	117090781	123978474	5.0187923931231984e-08
1	chr1B	123978474	130866167	3.584851709373713e-09
1	chr1B	130866167	137753860	1.6131832692181707e-08
1	chr1B	137753860	144641553	4.4810646367171415e-08
1	chr1B	144641553	151529246	1.5952590106713023e-07
1	chr1B	151529246	158416939	1.1292282884527196e-07
1	chr1B	158416939	165304632	2.688638782030285e-08
1	chr1B	165304632	172192325	0.0
1	chr1B	172192325	179080018	4.12257946577977e-08
1	chr1B	179080018	185967711	0.0
1	chr1B	185967711	192855404	4.12257946577977e-08
1	chr1B	192855404	199743097	3.405609123905028e-08
1	chr1B	199743097	206630790	1.7924258546868567e-08
1	chr1B	206630790	213518483	0.0
1	chr1B	213518483	220406176	3.405609123905028e-08
1	chr1B	220406176	227293869	0.0
1	chr1B	227293869	234181562	4.8395498076545134e-08
1	chr1B	234181562	241069255	6.811218247810055e-08
1	chr1B	241069255	247956948	0.0
1	chr1B	247956948	254844641	1.075455512812114e-07
1	chr1B	254844641	261732334	8.424401517028226e-08
1	chr1B	261732334	268620027	0.0
1	chr1B	268620027	275507720	0.0
1	chr1B	275507720	282395413	5.198034978591884e-08
1	chr1B	282395413	289283106	1.398092166655748e-07
1	chr1B	289283106	296170799	5.0187923931231984e-08
1	chr1B	296170799	303058492	1.7924258546868566e-07
1	chr1B	303058492	309946185	6.811218247810055e-08
1	chr1B	309946185	316833878	7.886673760622169e-08
1	chr1B	316833878	323721571	7.169703418747427e-08
1	chr1B	323721571	330609264	2.796184333311496e-07
1	chr1B	330609264	337496957	6.811218247810055e-08
1	chr1B	337496957	344384650	1.3084708739214053e-07
1	chr1B	344384650	351272343	0.0
1	chr1B	351272343	358160036	0.0
1	chr1B	358160036	365047729	0.0
1	chr1B	365047729	371935422	0.0
1	chr1B	371935422	378823115	0.0
1	chr1B	378823115	385710808	0.0
1	chr1B	385710808	392598501	9.141371858902969e-08
1	chr1B	392598501	399486194	6.63197566234137e-08
1	chr1B	399486194	406373887	0.0
1	chr1B	406373887	413261580	4.660307222185827e-08
1	chr1B	413261580	420149273	0.0
1	chr1B	420149273	427036966	0.0
1	chr1B	427036966	433924659	0.0
1	chr1B	433924659	440812352	0.0
1	chr1B	440812352	447700045	1.5414862350306967e-07
1	chr1B	447700045	454587738	1.7207288204993823e-07
1	chr1B	454587738	461475431	2.4556234209209933e-07
1	chr1B	461475431	468363124	1.6131832692181707e-08
1	chr1B	468363124	475250817	1.8461986303274622e-07
1	chr1B	475250817	482138510	1.523561976483828e-07
1	chr1B	482138510	489026203	1.0933797713589825e-07
1	chr1B	489026203	495913896	1.5952590106713023e-07
1	chr1B	495913896	502801589	7.169703418747426e-09
1	chr1B	502801589	509689282	5.556520149529255e-08
1	chr1B	509689282	516576975	1.7924258546868566e-07
1	chr1B	516576975	523464668	1.1471525469995882e-07
1	chr1B	523464668	530352361	1.613183269218171e-07
1	chr1B	530352361	537240054	3.8537155875767415e-07
1	chr1B	537240054	544127747	8.782886687965597e-08
1	chr1B	544127747	551015440	2.3660021281866504e-07
1	chr1B	551015440	557903133	1.523561976483828e-07
1	chr1B	557903133	564790826	3.8537155875767415e-07
1	chr1B	564790826	571678519	3.4414576409987647e-07
1	chr1B	571678519	578566212	3.2801393140769475e-07
1	chr1B	578566212	585453905	3.100896728608262e-07
1	chr1B	585453905	592341598	5.072565168763804e-07
1	chr1B	592341598	599229291	2.1329867670773592e-07
1	chr1B	599229291	606116984	4.857474066201381e-07
1	chr1B	606116984	613004677	1.6311075277650394e-07
1	chr1B	613004677	619892370	4.068806690139165e-07
1	chr1B	619892370	626780063	3.8895641046704784e-07
1	chr1B	626780063	633667756	4.74992851492017e-07
1	chr1B	633667756	640555449	7.331021745669243e-07
1	chr1B	640555449	647443142	7.402718779856718e-07
1	chr1B	647443142	654330835	2.437699162374125e-07
1	chr1B	654330835	661218528	9.822493683683973e-07
1	chr1B	661218528	668106221	7.026309350372478e-07
1	chr1B	668106221	674993914	5.520671632435518e-07
1	chr1B	674993914	681881607	8.890432239246808e-07
1	chr1D	0	4951266	3.0170610112521266e-07
1	chr1D	4951266	9902532	5.934384468413274e-07
1	chr1D	9902532	14853798	9.87401785500696e-07
1	chr1D	14853798	19805064	2.41863568670625e-07
1	chr1D	19805064	24756330	2.667979571933699e-07
1	chr1D	24756330	29707596	2.293963744092526e-07
1	chr1D	29707596	34658862	2.8674546801156573e-07
1	chr1D	34658862	39610128	4.488189934094073e-07
1	chr1D	39610128	44561394	5.410762309435632e-07
1	chr1D	44561394	49512660	4.263780437389369e-07
1	chr1D	49512660	54463926	1.0472443179552835e-07
1	chr1D	54463926	59415192	2.917323457161147e-07
1	chr1D	59415192	64366458	1.1220474835235183e-07
1	chr1D	64366458	69317724	1.0472443179552835e-07
1	chr1D	69317724	74268990	2.2440949670470365e-08
1	chr1D	74268990	79220256	6.981628786368558e-08
1	chr1D	79220256	84171522	2.692913960456443e-07
1	chr1D	84171522	89122788	5.261155978299163e-07
1	chr1D	89122788	94074054	1.1719162605690079e-07
1	chr1D	94074054	99025320	9.72441152387049e-08
1	chr1D	99025320	103976586	1.6706040310239048e-07
1	chr1D	103976586	108927852	6.732284901141108e-08
1	chr1D	108927852	113879118	2.8674546801156573e-07
1	chr1D	113879118	118830384	4.737533819321521e-08
1	chr1D	118830384	123781650	6.48294101591366e-08
1	chr1D	123781650	128732916	6.732284901141108e-08
1	chr1D	128732916	133684182	2.293963744092526e-07
1	chr1D	133684182	138635448	7.230972671596005e-08
1	chr1D	138635448	143586714	1.7703415851148843e-07
1	chr1D	143586714	148537980	0.0
1	chr1D	148537980	153489246	1.9947510818195876e-08
1	chr1D	153489246	158440512	1.3963257572737116e-07
1	chr1D	158440512	163391778	0.0
1	chr1D	163391778	168343044	0.0
1	chr1D	168343044	173294310	1.3713913687509667e-07
1	chr1D	173294310	178245576	6.981628786368558e-08
1	chr1D	178245576	183196842	0.0
1	chr1D	183196842	188148108	0.0
1	chr1D	188148108	193099374	0.0
1	chr1D	193099374	198050640	0.0
1	chr1D	198050640	203001906	1.0971130950007734e-07
1	chr1D	203001906	207953172	7.97900432727835e-08
1	chr1D	207953172	212904438	1.471128922841946e-07
1	chr1D	212904438	217855704	0.0
1	chr1D	217855704	222806970	0.0
1	chr1D	222806970	227758236	1.2217850376144974e-07
1	chr1D	227758236	232709502	3.24147050795683e-08
1	chr1D	232709502	237660768	1.1220474835235183e-07
1	chr1D	237660768	242612034	7.480316556823455e-09
1	chr1D	242612034	247563300	2.119423024433312e-07
1	chr1D	247563300	252514566	0.0
1	chr1D	252514566	257465832	8.477692097733248e-08
1	chr1D	257465832	262417098	3.6902895013662373e-07
1	chr1D	262417098	267368364	0.0
1	chr1D	267368364	272319630	0.0
1	chr1D	272319630	277270896	3.989502163639175e-08
1	chr1D	277270896	282222162	0.0
1	chr1D	282222162	287173428	1.2467194261372423e-08
1	chr1D	287173428	292124694	3.490814393184279e-08
1	chr1D	292124694	297075960	0.0
1	chr1D	297075960	302027226	3.740158278411727e-08
1	chr1D	302027226	306978492	5.734909360231315e-08
1	chr1D	306978492	311929758	2.618110794888209e-07
1	chr1D	311929758	316881024	0.0
1	chr1D	316881024	321832290	0.0
1	chr1D	321832290	326783556	2.0446198588650775e-07
1	chr1D	326783556	331734822	0.0
1	chr1D	331734822	336686088	0.0
1	chr1D	336686088	341637354	2.2440949670470365e-07
1	chr1D	341637354	346588620	0.0
1	chr1D	346588620	351539886	0.0
1	chr1D	351539886	356491152	1.3713913687509667e-07
1	chr1D	356491152	361442418	0.0
1	chr1D	361442418	366393684	2.2690293555697811e-07
1	chr1D	366393684	371344950	0.0
1	chr1D	371344950	376296216	1.9199479162513533e-07
1	chr1D	376296216	381247482	5.984253245458764e-08
1	chr1D	381247482	386198748	0.0
1	chr1D	386198748	391150014	8.976379868188146e-08
1	chr1D	391150014	396101280	2.4934388522744846e-07
1	chr1D	396101280	401052546	8.2283482125058e-08
1	chr1D	401052546	406003812	2.2191605785242914e-07
1	chr1D	406003812	410955078	1.296588203182732e-07
1	chr1D	410955078	415906344	9.973755409097938e-09
1	chr1D	415906344	420857610	3.116798565343106e-07
1	chr1D	420857610	425808876	7.480316556823454e-08
1	chr1D	425808876	430760142	2.643045183410954e-07
1	chr1D	430760142	435711408	2.692913960456443e-07
1	chr1D	435711408	440662674	2.094488635910567e-07
1	chr1D	440662674	445613940	2.7677171260246783e-07
1	chr1D	445613940	450565206	4.238846048866624e-08
1	chr1D	450565206	455516472	0.0
1	chr1D	455516472	460467738	2.7677171260246783e-07
1	chr1D	460467738	465419004	3.515748781707023e-07
1	chr1D	465419004	470370270	2.3687669096607604e-07
1	chr1D	470370270	475321536	2.593176406365464e-07
1	chr1D	475321536	480272802	1.5708664769329255e-07
1	chr1D	480272802	485224068	3.24147050795683e-07
1	chr1D	485224068	490175334	2.1692918014788016e-07
1	chr2A	0	7807147	9.01358337051555e-07
1	chr2A	7807147	15614294	1.0436780744807479e-07
1	chr2A	15614294	23421441	2.308742407184685e-07
1	chr2A	23421441	31228588	2.988714486013051e-07
1	chr2A	31228588	39035735	5.155137155768543e-07
1	chr2A	39035735	46842882	3.7477530856354134e-07
1	chr2A	46842882	54650029	3.3998603941418306e-07
1	chr2A	54650029	62457176	2.4668754487726766e-07
1	chr2A	62457176	70264323	2.9570878776954525e-07
1	chr2A	70264323	78071470	1.6762102408327165e-07
1	chr2A	78071470	85878617	5.977428972026102e-07
1	chr2A	85878617	93685764	3.9216994313822043e-07
1	chr2A	93685764	101492911	2.1031694531202952e-07
1	chr2A	101492911	109300058	1.185997811909941e-07
1	chr2A	109300058	117107205	1.6920235449915156e-07
1	chr2A	117107205	124914352	9.487982495279526e-08
1	chr2A	124914352	132721499	1.3599441576567323e-07
1	chr2A	132721499	140528646	9.646115536867519e-08
1	chr2A	140528646	148335793	0.0
1	chr2A	148335793	156142940	0.0
1	chr2A	156142940	163950087	8.222918162575591e-08
1	chr2A	163950087	171757234	1.6129570241975196e-07
1	chr2A	171757234	179564381	0.0
1	chr2A	179564381	187371528	2.8463947485838583e-08
1	chr2A	187371528	195178675	1.486450590927126e-07
1	chr2A	195178675	202985822	8.85545032892756e-08
1	chr2A	202985822	210792969	9.804248578455511e-08
1	chr2A	210792969	218600116	1.280877636862736e-07
1	chr2A	218600116	226407263	2.21386258223189e-08
1	chr2A	226407263	234214410	1.1543712035923425e-07
1	chr2A	234214410	242021557	0.0
1	chr2A	242021557	249828704	0.0
1	chr2A	249828704	257635851	0.0
1	chr2A	257635851	265442998	9.013583370515551e-08
1	chr2A	265442998	273250145	0.0
1	chr2A	273250145	281057292	2.561755273725472e-07
1	chr2A	281057292	288864439	6.957853829871653e-08
1	chr2A	288864439	296671586	3.6370599565238185e-08
1	chr2A	296671586	304478733	0.0
1	chr2A	304478733	312285880	2.0557295406438977e-08
1	chr2A	312285880	320093027	1.2176244202275392e-07
1	chr2A	320093027	327900174	6.325321663519684e-08
1	chr2A	327900174	335707321	6.167188621931692e-08
1	chr2A	335707321	343514468	6.167188621931692e-08
1	chr2A	343514468	351321615	3.162660831759842e-08
1	chr2A	351321615	359128762	0.0
1	chr2A	359128762	366935909	0.0
1	chr2A	366935909	374743056	1.6129570241975196e-07
1	chr2A	374743056	382550203	3.162660831759842e-08
1	chr2A	382550203	390357350	1.3125042451803346e-07
1	chr2A	390357350	398164497	3.162660831759842e-08
1	chr2A	398164497	405971644	0.0
1	chr2A	405971644	413778791	6.0090555803437e-08
1	chr2A	413778791	421585938	8.697317287339567e-08
1	chr2A	421585938	429393085	1.106931291115945e-08
1	chr2A	429393085	437200232	3.7951929981118106e-08
1	chr2A	437200232	445007379	3.162660831759842e-08
1	chr2A	445007379	452814526	3.00452779017185e-08
1	chr2A	452814526	460621673	1.6287703283563188e-07
1	chr2A	460621673	468428820	1.3915707659743305e-07
1	chr2A	468428820	476235967	1.1543712035923425e-07
1	chr2A	476235967	484043114	2.530128665407874e-08
1	chr2A	484043114	491850261	8.222918162575591e-08
1	chr2A	491850261	499657408	7.590385996223621e-08
1	chr2A	499657408	507464555	3.273353960871437e-07
1	chr2A	507464555	515271702	1.8817831948971061e-07
1	chr2A	515271702	523078849	1.8027166741031102e-07
1	chr2A	523078849	530885996	3.4789269149358264e-08
1	chr2A	530885996	538693143	1.1543712035923425e-07
1	chr2A	538693143	546500290	2.6091951862018697e-07
1	chr2A	546500290	554307437	1.9608497156911021e-07
1	chr2A	554307437	562114584	2.5301286654078737e-07
1	chr2A	562114584	569921731	7.43225295463563e-08
1	chr2A	569921731	577728878	1.8343432824207087e-07
1	chr2A	577728878	585536025	2.482688752931476e-07
1	chr2A	585536025	593343172	9.962381620043503e-08
1	chr2A	593343172	601150319	7.748519037811614e-08
1	chr2A	601150319	608957466	3.4789269149358266e-07
1	chr2A	608957466	616764613	0.0
1	chr2A	616764613	624571760	2.1664226697554918e-07
1	chr2A	624571760	632378907	1.0911179869571456e-07
1	chr2A	632378907	640186054	2.1664226697554918e-07
1	chr2A	640186054	647993201	1.4548239826095274e-07
1	chr2A	647993201	655800348	4.42772516446378e-08
1	chr2A	655800348	663607495	7.274119913047637e-08
1	chr2A	663607495	671414642	3.162660831759842e-08
1	chr2A	671414642	679221789	8.096411729305197e-07
1	chr2A	679221789	687028936	3.9849526480174014e-07
1	chr2A	687028936	694836083	7.052733654824449e-07
1	chr2A	694836083	702643230	2.9570878776954525e-07
1	chr2A	702643230	710450377	4.2854054270345864e-07
1	chr2A	710450377	718257524	8.649877374863168e-07
1	chr2A	718257524	726064671	4.079832472970196e-07
1	chr2A	726064671	733871818	2.7357016194722634e-07
1	chr2A	733871818	741678965	7.147613479777244e-07
1	chr2A	741678965	749486112	6.372761575996082e-07
1	chr2A	749486112	757293259	9.171716412103542e-07
1	chr2A	757293259	765100406	9.01358337051555e-07
1	chr2A	765100406	772907553	2.482688752931476e-07
1	chr2A	772907553	780714700	9.124276499627145e-07
1	chr2B	0	8012536	7.503673841855245e-07
1	chr2B	8012536	16025072	4.160147715196953e-07
1	chr2B	16025072	24037608	4.730242031723943e-07
1	chr2B	24037608	32050144	3.4359738536626686e-07
1	chr2B	32050144	40062680	2.55772044712109e-07
1	chr2B	40062680	48075216	5.315744302751662e-07
1	chr2B	48075216	56087752	1.6948749950802402e-07
1	chr2B	56087752	64100288	1.4329397685678394e-07
1	chr2B	64100288	72112824	5.038401121738532e-07
1	chr2B	72112824	80125360	2.9429193096393264e-07
1	chr2B	80125360	88137896	0.0
1	chr2B	88137896	96150432	2.295785220608689e-07
1	chr2B	96150432	104162968	2.650168174125466e-07
1	chr2B	104162968	112175504	5.716351119770628e-07
1	chr2B	112175504	120188040	8.936613610423084e-08
1	chr2B	120188040	128200576	1.7410988585824284e-07
1	chr2B	128200576	136213112	4.699426122722484e-07
1	chr2B	136213112	144225648	4.699426122722484e-07
1	chr2B	144225648	152238184	4.298819305703518e-07
1	chr2B	152238184	160250720	6.348077254300536e-07
1	chr2B	160250720	168263256	2.2649693116072303e-07
1	chr2B	168263256	176275792	8.628454520408495e-08
1	chr2B	176275792	184288328	4.452898850710813e-07
1	chr2B	184288328	192300864	2.696392037627655e-07
1	chr2B	192300864	200313400	7.549897705357433e-08
1	chr2B	200313400	208325936	4.329635214704977e-07
1	chr2B	208325936	216338472	4.853505667729779e-07
1	chr2B	216338472	224351008	1.186412496556168e-07
1	chr2B	224351008	232363544	0.0
1	chr2B	232363544	240376080	7.118474979337009e-07
1	chr2B	240376080	248388616	3.8982124886845526e-07
1	chr2B	248388616	256401152	4.499122714213001e-07
1	chr2B	256401152	264413688	6.317261345299076e-08
1	chr2B	264413688	272426224	3.081590900145891e-08
1	chr2B	272426224	280438760	1.8489545400875345e-08
1	chr2B	280438760	288451296	1.8489545400875345e-08
1	chr2B	288451296	296463832	3.543829535167775e-08
1	chr2B	296463832	304476368	0.0
1	chr2B	304476368	312488904	2.3111931751094184e-08
1	chr2B	312488904	320501440	9.090693155430378e-08
1	chr2B	320501440	328513976	1.8489545400875345e-08
1	chr2B	328513976	336526512	0.0
1	chr2B	336526512	344539048	3.697909080175069e-08
1	chr2B	344539048	352551584	0.0
1	chr2B	352551584	360564120	2.0646659030977468e-07
1	chr2B	360564120	368576656	7.858056795372023e-08
1	chr2B	368576656	376589192	5.855022710277193e-08
1	chr2B	376589192	384601728	1.016924997048144e-07
1	chr2B	384601728	392614264	6.009102255284487e-08
1	chr2B	392614264	400626800	8.166215885386612e-08
1	chr2B	400626800	408639336	4.006068170189658e-08
1	chr2B	408639336	416651872	3.497605671665586e-07
1	chr2B	416651872	424664408	1.1401886330539797e-07
1	chr2B	424664408	432676944	0.0
1	chr2B	432676944	440689480	1.8489545400875347e-07
1	chr2B	440689480	448702016	1.587019313575134e-07
1	chr2B	448702016	456714552	3.66709317117361e-07
1	chr2B	456714552	464727088	1.41753181406711e-07
1	chr2B	464727088	472739624	0.0
1	chr2B	472739624	480752160	0.0
1	chr2B	480752160	488764696	0.0
1	chr2B	488764696	496777232	0.0
1	chr2B	496777232	504789768	0.0
1	chr2B	504789768	512802304	0.0
1	chr2B	512802304	520814840	7.858056795372023e-08
1	chr2B	520814840	528827376	1.2326363600583563e-08
1	chr2B	528827376	536839912	1.355899996064192e-07
1	chr2B	536839912	544852448	0.0
1	chr2B	544852448	552864984	4.006068170189658e-08
1	chr2B	552864984	560877520	4.406674987208624e-07
1	chr2B	560877520	568890056	2.465272720116713e-07
1	chr2B	568890056	576902592	3.081590900145891e-08
1	chr2B	576902592	584915128	4.622386350218837e-08
1	chr2B	584915128	592927664	1.6794670405795106e-07
1	chr2B	592927664	600940200	2.033849994096288e-07
1	chr2B	600940200	608952736	1.1093727240525208e-07
1	chr2B	608952736	616965272	9.707011335459557e-08
1	chr2B	616965272	624977808	4.3142272602042475e-08
1	chr2B	624977808	632990344	3.697909080175069e-08
1	chr2B	632990344	641002880	7.858056795372023e-08
1	chr2B	641002880	649015416	9.660787471957369e-07
1	chr2B	649015416	657027952	3.2973022631561035e-07
1	chr2B	657027952	665040488	2.9121034006378676e-07
1	chr2B	665040488	673053024	2.1417056756013943e-07
1	chr2B	673053024	681065560	1.756506813083158e-07
1	chr2B	681065560	689078096	4.6377943047195663e-07
1	chr2B	689078096	697090632	6.301853390798347e-07
1	chr2B	697090632	705103168	2.634760219624737e-07
1	chr2B	705103168	713115704	2.403640902113795e-07
1	chr2B	713115704	721128240	3.2356704451531854e-07
1	chr2B	721128240	729140776	4.206371578699141e-07
1	chr2B	729140776	737153312	4.4837147597122713e-07
1	chr2B	737153312	745165848	5.100032939741449e-07
1	chr2B	745165848	753178384	9.814867016964663e-07
1	chr2B	753178384	761190920	4.160147715196953e-07
1	chr2B	761190920	769203456	5.793390892274275e-07
1	chr2B	769203456	777215992	7.056843161334091e-07
1	chr2B	777215992	785228528	2.7580238556305725e-07
1	chr2B	785228528	793241064	1.2387995418586481e-06
1	chr2D	0	6516113	4.982899437512692e-07
1	chr2D	6516113	13032226	5.702862093883347e-07
1	chr2D	13032226	19548339	5.968111493598851e-07
1	chr2D	19548339	26064452	2.974582553952443e-07
1	chr2D	26064452	32580565	2.7661723113188325e-07
1	chr2D	32580565	39096678	1.1178367559439117e-07
1	chr2D	39096678	45612791	6.441771135947967e-08
1	chr2D	45612791	52128904	4.926060280430797e-08
1	chr2D	52128904	58645017	3.5998132818532755e-08
1	chr2D	58645017	65161130	4.6418644950213284e-07
1	chr2D	65161130	71677243	4.1492584669782485e-07
1	chr2D	71677243	78193356	2.747225925624868e-07
1	chr2D	78193356	84709469	1.3319309142857119e-06
1	chr2D	84709469	91225582	0.0
1	chr2D	91225582	97741695	8.146945848404781e-08
1	chr2D	97741695	104257808	4.3576687096118595e-08
1	chr2D	104257808	110773921	3.4861349676894876e-07
1	chr2D	110773921	117290034	0.0
1	chr2D	117290034	123806147	0.0
1	chr2D	123806147	130322260	1.2694078414956284e-07
1	chr2D	130322260	136838373	0.0
1	chr2D	136838373	143354486	0.0
1	chr2D	143354486	149870599	0.0
1	chr2D	149870599	156386712	0.0
1	chr2D	156386712	162902825	6.441771135947967e-08
1	chr2D	162902825	169418938	7.010162706766904e-08
1	chr2D	169418938	175935051	0.0
1	chr2D	175935051	182451164	0.0
1	chr2D	182451164	188967277	0.0
1	chr2D	188967277	195483390	3.2208855679739835e-08
1	chr2D	195483390	201999503	0.0
1	chr2D	201999503	208515616	0.0
1	chr2D	208515616	215031729	3.410349424913629e-08
1	chr2D	215031729	221547842	0.0
1	chr2D	221547842	228063955	0.0
1	chr2D	228063955	234580068	0.0
1	chr2D	234580068	241096181	0.0
1	chr2D	241096181	247612294	0.0
1	chr2D	247612294	254128407	0.0
1	chr2D	254128407	260644520	0.0
1	chr2D	260644520	267160633	0.0
1	chr2D	267160633	273676746	2.2735662832757528e-08
1	chr2D	273676746	280192859	0.0
1	chr2D	280192859	286708972	2.0841024263361064e-08
1	chr2D	286708972	293225085	0.0
1	chr2D	293225085	299741198	3.5998132818532755e-08
1	chr2D	299741198	306257311	1.4399253127413102e-07
1	chr2D	306257311	312773424	2.2735662832757528e-08
1	chr2D	312773424	319289537	7.578554277585842e-09
1	chr2D	319289537	325805650	0.0
1	chr2D	325805650	332321763	0.0
1	chr2D	332321763	338837876	2.2735662832757528e-08
1	chr2D	338837876	345353989	0.0
1	chr2D	345353989	351870102	0.0
1	chr2D	351870102	358386215	6.820698849827258e-08
1	chr2D	358386215	364902328	1.6483355553749207e-07
1	chr2D	364902328	371418441	3.2208855679739835e-08
1	chr2D	371418441	377934554	9.473192846982303e-08
1	chr2D	377934554	384450667	0.0
1	chr2D	384450667	390966780	7.010162706766904e-08
1	chr2D	390966780	397482893	0.0
1	chr2D	397482893	403999006	0.0
1	chr2D	403999006	410515119	0.0
1	chr2D	410515119	417031232	0.0
1	chr2D	417031232	423547345	0.0
1	chr2D	423547345	430063458	1.4399253127413102e-07
1	chr2D	430063458	436579571	5.3049879943100896e-08
1	chr2D	436579571	443095684	0.0
1	chr2D	443095684	449611797	7.010162706766904e-08
1	chr2D	449611797	456127910	1.4020325413533807e-07
1	chr2D	456127910	462644023	2.1030488120300714e-07
1	chr2D	462644023	469160136	4.168204852672213e-08
1	chr2D	469160136	475676249	0.0
1	chr2D	475676249	482192362	0.0
1	chr2D	482192362	488708475	0.0
1	chr2D	488708475	495224588	1.1746759130258057e-07
1	chr2D	495224588	501740701	1.2694078414956284e-07
1	chr2D	501740701	508256814	7.010162706766904e-08
1	chr2D	508256814	514772927	9.473192846982302e-09
1	chr2D	514772927	521289040	5.683915708189382e-09
1	chr2D	521289040	527805153	1.8946385693964605e-09
1	chr2D	527805153	534321266	0.0
1	chr2D	534321266	540837379	3.599813281853275e-07
1	chr2D	540837379	547353492	1.875692183702496e-07
1	chr2D	547353492	553869605	2.0651560406421422e-07
1	chr2D	553869605	560385718	7.389090420646196e-08
1	chr2D	560385718	566901831	0.0
1	chr2D	566901831	573417944	5.873379565129028e-07
1	chr2D	573417944	579934057	4.869221123348904e-07
1	chr2D	579934057	586450170	6.631234992887612e-08
1	chr2D	586450170	592966283	3.1261536395041604e-07
1	chr2D	592966283	599482396	2.6146012257671157e-07
1	chr2D	599482396	605998509	1.875692183702496e-07
1	chr2D	605998509	612514622	2.576708454379187e-07
1	chr2D	612514622	619030735	1.0988903702499471e-07
1	chr2D	619030735	625546848	5.494451851249736e-07
1	chr2D	625546848	632062961	6.763859692745364e-07
1	chr2D	632062961	638579074	4.6797572664092574e-07
1	chr2D	638579074	645095187	1.155729527331841e-07
1	chr3A	0	7492057	2.0103595574702286e-07
1	chr3A	7492057	14984114	4.729288467163571e-07
1	chr3A	14984114	22476171	2.45527519723823e-07
1	chr3A	22476171	29968228	5.322509320187572e-07
1	chr3A	29968228	37460285	3.0484960502622316e-07
1	chr3A	37460285	44952342	2.8013206948355644e-07
1	chr3A	44952342	52444399	3.4604549759733444e-07
1	chr3A	52444399	59936456	4.119589257111124e-07
1	chr3A	59936456	67428513	2.2245781988400072e-07
1	chr3A	67428513	74920570	1.2193984201048929e-07
1	chr3A	74920570	82412627	7.580044233084468e-08
1	chr3A	82412627	89904684	0.0
1	chr3A	89904684	97396741	0.0
1	chr3A	97396741	104888798	7.415260662800024e-08
1	chr3A	104888798	112380855	4.284372827395569e-08
1	chr3A	112380855	119872912	2.6365371245511197e-08
1	chr3A	119872912	127364969	3.790022116542234e-08
1	chr3A	127364969	134857026	5.4378578193866834e-08
1	chr3A	134857026	142349083	5.108290678817794e-08
1	chr3A	142349083	149841140	3.6252385462577894e-08
1	chr3A	149841140	157333197	0.0
1	chr3A	157333197	164825254	0.0
1	chr3A	164825254	172317311	0.0
1	chr3A	172317311	179809368	4.9435071085333486e-08
1	chr3A	179809368	187301425	0.0
1	chr3A	187301425	194793482	0.0
1	chr3A	194793482	202285539	0.0
1	chr3A	202285539	209777596	0.0
1	chr3A	209777596	217269653	0.0
1	chr3A	217269653	224761710	0.0
1	chr3A	224761710	232253767	0.0
1	chr3A	232253767	239745824	0.0
1	chr3A	239745824	247237881	0.0
1	chr3A	247237881	254729938	0.0
1	chr3A	254729938	262221995	0.0
1	chr3A	262221995	269714052	3.4604549759733447e-08
1	chr3A	269714052	277206109	0.0
1	chr3A	277206109	284698166	0.0
1	chr3A	284698166	292190223	9.227879935928918e-08
1	chr3A	292190223	299682280	0.0
1	chr3A	299682280	307174337	4.9435071085333486e-08
1	chr3A	307174337	314666394	0.0
1	chr3A	314666394	322158451	0.0
1	chr3A	322158451	329650508	0.0
1	chr3A	329650508	337142565	0.0
1	chr3A	337142565	344634622	0.0
1	chr3A	344634622	352126679	0.0
1	chr3A	352126679	359618736	0.0
1	chr3A	359618736	367110793	0.0
1	chr3A	367110793	374602850	1.9774028434133398e-08
1	chr3A	374602850	382094907	8.403962084506693e-08
1	chr3A	382094907	389586964	0.0
1	chr3A	389586964	397079021	0.0
1	chr3A	397079021	404571078	0.0
1	chr3A	404571078	412063135	0.0
1	chr3A	412063135	419555192	5.932208530240019e-08
1	chr3A	419555192	427047249	3.4604549759733447e-08
1	chr3A	427047249	434539306	0.0
1	chr3A	434539306	442031363	7.085693522231133e-08
1	chr3A	442031363	449523420	3.790022116542234e-08
1	chr3A	449523420	457015477	0.0
1	chr3A	457015477	464507534	0.0
1	chr3A	464507534	471999591	7.250477092515579e-08
1	chr3A	471999591	479491648	1.9774028434133394e-07
1	chr3A	479491648	486983705	3.015539336205343e-07
1	chr3A	486983705	494475762	9.392663506213363e-08
1	chr3A	494475762	501967819	1.9279677723280061e-07
1	chr3A	501967819	509459876	1.7467058450151168e-07
1	chr3A	509459876	516951933	6.937388308975133e-07
1	chr3A	516951933	524443990	5.652076460756463e-07
1	chr3A	524443990	531936047	2.0762729855840065e-07
1	chr3A	531936047	539428104	8.865356081303139e-07
1	chr3A	539428104	546920161	2.6200587675226745e-07
1	chr3A	546920161	554412218	0.0
1	chr3A	554412218	561904275	5.89925181618313e-07
1	chr3A	561904275	569396332	3.015539336205343e-07
1	chr3A	569396332	576888389	3.097931121347565e-07
1	chr3A	576888389	584380446	3.790022116542234e-08
1	chr3A	584380446	591872503	4.119589257111124e-08
1	chr3A	591872503	599364560	7.580044233084468e-08
1	chr3A	599364560	606856617	6.096992100524464e-08
1	chr3A	606856617	614348674	0.0
1	chr3A	614348674	621840731	3.130887835404454e-08
1	chr3A	621840731	629332788	9.063096365644473e-08
1	chr3A	629332788	636824845	1.4006603474177822e-07
1	chr3A	636824845	644316902	1.1040499209057814e-07
1	chr3A	644316902	651808959	2.1421864136977845e-08
1	chr3A	651808959	659301016	2.059794628555562e-07
1	chr3A	659301016	666793073	4.317329541452458e-07
1	chr3A	666793073	674285130	2.4223184831813414e-07
1	chr3A	674285130	681777187	9.722230646782252e-08
1	chr3A	681777187	689269244	7.168085307373356e-07
1	chr3A	689269244	696761301	3.3945415478595665e-07
1	chr3A	696761301	704253358	4.613939967964459e-08
1	chr3A	704253358	711745415	1.9774028434133394e-07
1	chr3A	711745415	719237472	2.587102053465786e-07
1	chr3A	719237472	726729529	4.185502685224903e-07
1	chr3A	726729529	734221586	5.56968467561424e-07
1	chr3A	734221586	741713643	1.9444461293564505e-07
1	chr3A	741713643	749205700	1.0710932068488923e-07
1	chr3B	0	8295415	8.512809057849099e-07
1	chr3B	8295415	16590830	5.44700719435799e-07
1	chr3B	16590830	24886245	4.5094075953291553e-07
1	chr3B	24886245	33181660	2.6044433306356513e-07
1	chr3B	33181660	41477075	1.7710214648322427e-07
1	chr3B	41477075	49772490	2.663973463907323e-07
1	chr3B	49772490	58067905	3.378335063167387e-07
1	chr3B	58067905	66363320	3.6462206628899115e-07
1	chr3B	66363320	74658735	8.676516924346197e-07
1	chr3B	74658735	82954150	2.827681330404421e-08
1	chr3B	82954150	91249565	0.0
1	chr3B	91249565	99544980	5.2088866612713016e-08
1	chr3B	99544980	107840395	6.548314659883922e-08
1	chr3B	107840395	116135810	4.315934662196221e-08
1	chr3B	116135810	124431225	9.971297323005064e-08
1	chr3B	124431225	132726640	5.953013327167202e-09
1	chr3B	132726640	141022055	3.571807996300321e-08
1	chr3B	141022055	149317470	1.0715423988900964e-07
1	chr3B	149317470	157612885	2.0835546645085208e-08
1	chr3B	157612885	165908300	1.1906026654334404e-08
1	chr3B	165908300	174203715	2.9765066635836012e-08
1	chr3B	174203715	182499130	7.590091992138183e-08
1	chr3B	182499130	190794545	1.3394279986126205e-08
1	chr3B	190794545	199089960	1.4138406652022105e-07
1	chr3B	199089960	207385375	4.018283995837861e-08
1	chr3B	207385375	215680790	1.9347293313293408e-08
1	chr3B	215680790	223976205	1.0268947989363423e-07
1	chr3B	223976205	232271620	5.804187993988022e-08
1	chr3B	232271620	240567035	2.0686721311906025e-07
1	chr3B	240567035	248862450	4.5094075953291553e-07
1	chr3B	248862450	257157865	2.574678263999815e-07
1	chr3B	257157865	265453280	3.4229826631211414e-08
1	chr3B	265453280	273748695	3.8694586626586816e-08
1	chr3B	273748695	282044110	5.060061328092122e-08
1	chr3B	282044110	290339525	4.911235994912942e-08
1	chr3B	290339525	298634940	0.0
1	chr3B	298634940	306930355	5.9530133271672024e-08
1	chr3B	306930355	315225770	0.0
1	chr3B	315225770	323521185	5.655362660808842e-08
1	chr3B	323521185	331816600	0.0
1	chr3B	331816600	340112015	6.994790659421463e-08
1	chr3B	340112015	348407430	0.0
1	chr3B	348407430	356702845	0.0
1	chr3B	356702845	364998260	7.292441325779822e-08
1	chr3B	364998260	373293675	1.4138406652022105e-07
1	chr3B	373293675	381589090	6.548314659883922e-08
1	chr3B	381589090	389884505	0.0
1	chr3B	389884505	398179920	0.0
1	chr3B	398179920	406475335	3.571807996300321e-08
1	chr3B	406475335	414770750	2.0686721311906025e-07
1	chr3B	414770750	423066165	3.9289887959303534e-07
1	chr3B	423066165	431361580	0.0
1	chr3B	431361580	439656995	1.0417773322542603e-07
1	chr3B	439656995	447952410	0.0
1	chr3B	447952410	456247825	4.077814129109534e-07
1	chr3B	456247825	464543240	6.697139993063103e-08
1	chr3B	464543240	472838655	1.9644943979651767e-07
1	chr3B	472838655	481134070	3.5420429296644854e-07
1	chr3B	481134070	489429485	3.452747729756977e-07
1	chr3B	489429485	497724900	3.5420429296644854e-07
1	chr3B	497724900	506020315	4.911235994912942e-08
1	chr3B	506020315	514315730	2.678855997225241e-07
1	chr3B	514315730	522611145	2.559795730681897e-07
1	chr3B	522611145	530906560	1.2501327987051123e-07
1	chr3B	530906560	539201975	0.0
1	chr3B	539201975	547497390	1.4436057318380466e-07
1	chr3B	547497390	555792805	3.050919330173191e-07
1	chr3B	555792805	564088220	4.077814129109534e-07
1	chr3B	564088220	572383635	2.857446397040257e-07
1	chr3B	572383635	580679050	2.3216751975952088e-07
1	chr3B	580679050	588974465	8.081215591629476e-07
1	chr3B	588974465	597269880	2.678855997225241e-07
1	chr3B	597269880	605565295	3.229509729988207e-07
1	chr3B	605565295	613860710	7.143615992600642e-08
1	chr3B	613860710	622156125	5.655362660808842e-08
1	chr3B	622156125	630451540	9.078345323929983e-08
1	chr3B	630451540	638746955	0.0
1	chr3B	638746955	647042370	2.678855997225241e-08
1	chr3B	647042370	655337785	2.530030664046061e-07
1	chr3B	655337785	663633200	2.381205330866881e-07
1	chr3B	663633200	671928615	6.994790659421463e-08
1	chr3B	671928615	680224030	1.2203677320692763e-07
1	chr3B	680224030	688519445	5.357711994450482e-08
1	chr3B	688519445	696814860	4.2415219956066316e-07
1	chr3B	696814860	705110275	2.4556179974564707e-07
1	chr3B	705110275	713405690	3.7206333294795013e-08
1	chr3B	713405690	721701105	3.601573062936157e-07
1	chr3B	721701105	729996520	5.104708928045876e-07
1	chr3B	729996520	738291935	5.253534261225055e-07
1	chr3B	738291935	746587350	4.6879979951441717e-07
1	chr3B	746587350	754882765	2.5002655974102247e-07
1	chr3B	754882765	763178180	3.9885189292020255e-07
1	chr3B	763178180	771473595	2.396087864184799e-07
1	chr3B	771473595	779769010	1.7859039981501606e-07
1	chr3B	779769010	788064425	2.0537895978726846e-07
1	chr3B	788064425	796359840	4.7624106617337614e-08
1	chr3B	796359840	804655255	1.9644943979651767e-07
1	chr3B	804655255	812950670	3.110449463444863e-07
1	chr3B	812950670	821246085	2.797916263768585e-07
1	chr3B	821246085	829541500	2.157967331098111e-07
1	chr3D	0	6146373	6.588247599111513e-07
1	chr3D	6146373	12292746	4.439032681108672e-07
1	chr3D	12292746	18439119	1.406028451029896e-07
1	chr3D	18439119	24585492	1.365856209571899e-07
1	chr3D	24585492	30731865	1.2252533644689095e-07
1	chr3D	30731865	36878238	0.0
1	chr3D	36878238	43024611	1.446200692487893e-07
1	chr3D	43024611	49170984	2.631281815498805e-07
1	chr3D	49170984	55317357	0.0
1	chr3D	55317357	61463730	0.0
1	chr3D	61463730	67610103	5.824975011409569e-08
1	chr3D	67610103	73756476	0.0
1	chr3D	73756476	79902849	0.0
1	chr3D	79902849	86049222	0.0
1	chr3D	86049222	92195595	7.03014225514948e-08
1	chr3D	92195595	98341968	6.829281047859495e-08
1	chr3D	98341968	104488341	0.0
1	chr3D	104488341	110634714	6.829281047859495e-08
1	chr3D	110634714	116781087	0.0
1	chr3D	116781087	122927460	1.0645643986369213e-07
1	chr3D	122927460	129073833	0.0
1	chr3D	129073833	135220206	6.226697425989539e-08
1	chr3D	135220206	141366579	5.824975011409569e-08
1	chr3D	141366579	147512952	0.0
1	chr3D	147512952	153659325	5.824975011409569e-08
1	chr3D	153659325	159805698	0.0
1	chr3D	159805698	165952071	2.068870435086847e-07
1	chr3D	165952071	172098444	4.4189465603796735e-08
1	chr3D	172098444	178244817	7.231003462439465e-08
1	chr3D	178244817	184391190	0.0
1	chr3D	184391190	190537563	0.0
1	chr3D	190537563	196683936	0.0
1	chr3D	196683936	202830309	5.2223913895396133e-08
1	chr3D	202830309	208976682	0.0
1	chr3D	208976682	215123055	0.0
1	chr3D	215123055	221269428	0.0
1	chr3D	221269428	227415801	0.0
1	chr3D	227415801	233562174	0.0
1	chr3D	233562174	239708547	3.4146405239297475e-08
1	chr3D	239708547	245854920	0.0
1	chr3D	245854920	252001293	0.0
1	chr3D	252001293	258147666	0.0
1	chr3D	258147666	264294039	4.0172241457997026e-09
1	chr3D	264294039	270440412	0.0
1	chr3D	270440412	276586785	6.427558633279524e-08
1	chr3D	276586785	282733158	0.0
1	chr3D	282733158	288879531	0.0
1	chr3D	288879531	295025904	0.0
1	chr3D	295025904	301172277	0.0
1	chr3D	301172277	307318650	0.0
1	chr3D	307318650	313465023	0.0
1	chr3D	313465023	319611396	0.0
1	chr3D	319611396	325757769	4.820668974959643e-08
1	chr3D	325757769	331904142	0.0
1	chr3D	331904142	338050515	0.0
1	chr3D	338050515	344196888	5.824975011409569e-08
1	chr3D	344196888	350343261	2.0086120728998513e-09
1	chr3D	350343261	356489634	1.2855117266559048e-07
1	chr3D	356489634	362636007	2.3500761252928265e-07
1	chr3D	362636007	368782380	4.820668974959643e-08
1	chr3D	368782380	374928753	1.1248227608239167e-07
1	chr3D	374928753	381075126	0.0
1	chr3D	381075126	387221499	6.829281047859495e-08
1	chr3D	387221499	393367872	7.632725877019436e-08
1	chr3D	393367872	399514245	3.133434833723768e-07
1	chr3D	399514245	405660618	1.606889658319881e-08
1	chr3D	405660618	411806991	1.0043060364499257e-07
1	chr3D	411806991	417953364	4.017224145799703e-08
1	chr3D	417953364	424099737	2.1090426765448442e-07
1	chr3D	424099737	430246110	2.2697316423768323e-07
1	chr3D	430246110	436392483	1.6470618997778783e-07
1	chr3D	436392483	442538856	0.0
1	chr3D	442538856	448685229	2.229559400918835e-07
1	chr3D	448685229	454831602	0.0
1	chr3D	454831602	460977975	2.02869819362885e-07
1	chr3D	460977975	467124348	5.2223913895396133e-08
1	chr3D	467124348	473270721	0.0
1	chr3D	473270721	479417094	0.0
1	chr3D	479417094	485563467	0.0
1	chr3D	485563467	491709840	5.2223913895396133e-08
1	chr3D	491709840	497856213	0.0
1	chr3D	497856213	504002586	1.7675786241518694e-07
1	chr3D	504002586	510148959	1.205167243739911e-07
1	chr3D	510148959	516295332	1.6068896583198813e-07
1	chr3D	516295332	522441705	5.423252596829599e-08
1	chr3D	522441705	528588078	3.555243369032737e-07
1	chr3D	528588078	534734451	0.0
1	chr3D	534734451	540880824	0.0
1	chr3D	540880824	547027197	8.436170706179376e-08
1	chr3D	547027197	553173570	2.6714540569568024e-07
1	chr3D	553173570	559319943	0.0
1	chr3D	559319943	565466316	6.829281047859495e-08
1	chr3D	565466316	571612689	6.427558633279524e-08
1	chr3D	571612689	577759062	1.526545175403887e-07
1	chr3D	577759062	583905435	4.619807767669658e-08
1	chr3D	583905435	590051808	0.0
1	chr3D	590051808	596198181	4.4792049225666685e-07
1	chr3D	596198181	602344554	2.852229143517789e-07
1	chr3D	602344554	608490927	1.2855117266559048e-07
1	chr4A	0	7445217	3.200331231961024e-07
1	chr4A	7445217	14890434	2.089335415684399e-07
1	chr4A	14890434	22335651	2.0064252801413673e-07
1	chr4A	22335651	29780868	1.3763082500143265e-07
1	chr4A	29780868	37226085	2.2717377138790693e-07
1	chr4A	37226085	44671302	2.8355266355716847e-07
1	chr4A	44671302	52116519	2.2385736596618565e-07
1	chr4A	52116519	59561736	3.482225692807332e-08
1	chr4A	59561736	67006953	2.8189446084630782e-08
1	chr4A	67006953	74452170	4.642967590409776e-08
1	chr4A	74452170	81897387	7.461912198872855e-08
1	chr4A	81897387	89342604	0.0
1	chr4A	89342604	96787821	0.0
1	chr4A	96787821	104233038	1.1441598704938377e-07
1	chr4A	104233038	111678255	5.6378892169261565e-08
1	chr4A	111678255	119123472	7.130271656700727e-08
1	chr4A	119123472	126568689	7.627732469958917e-08
1	chr4A	126568689	134013906	0.0
1	chr4A	134013906	141459123	0.0
1	chr4A	141459123	148904340	7.959373012131045e-08
1	chr4A	148904340	156349557	0.0
1	chr4A	156349557	163794774	0.0
1	chr4A	163794774	171239991	4.8087878614958395e-08
1	chr4A	171239991	178685208	0.0
1	chr4A	178685208	186130425	0.0
1	chr4A	186130425	193575642	3.6480459638933956e-08
1	chr4A	193575642	201020859	5.969529759098284e-08
1	chr4A	201020859	208466076	0.0
1	chr4A	208466076	215911293	0.0
1	chr4A	215911293	223356510	5.306248674754029e-08
1	chr4A	223356510	230801727	0.0
1	chr4A	230801727	238246944	0.0
1	chr4A	238246944	245692161	0.0
1	chr4A	245692161	253137378	0.0
1	chr4A	253137378	260582595	0.0
1	chr4A	260582595	268027812	0.0
1	chr4A	268027812	275473029	0.0
1	chr4A	275473029	282918246	4.8087878614958395e-08
1	chr4A	282918246	290363463	0.0
1	chr4A	290363463	297808680	0.0
1	chr4A	297808680	305253897	0.0
1	chr4A	305253897	312699114	0.0
1	chr4A	312699114	320144331	1.0944137891680186e-07
1	chr4A	320144331	327589548	0.0
1	chr4A	327589548	335034765	0.0
1	chr4A	335034765	342479982	1.0778317620594122e-07
1	chr4A	342479982	349925199	0.0
1	chr4A	349925199	357370416	5.472068945840093e-08
1	chr4A	357370416	364815633	0.0
1	chr4A	364815633	372260850	0.0
1	chr4A	372260850	379706067	0.0
1	chr4A	379706067	387151284	0.0
1	chr4A	387151284	394596501	0.0
1	chr4A	394596501	402041718	0.0
1	chr4A	402041718	409486935	0.0
1	chr4A	409486935	416932152	0.0
1	chr4A	416932152	424377369	0.0
1	chr4A	424377369	431822586	0.0
1	chr4A	431822586	439267803	0.0
1	chr4A	439267803	446713020	0.0
1	chr4A	446713020	454158237	1.160741897602444e-08
1	chr4A	454158237	461603454	0.0
1	chr4A	461603454	469048671	5.969529759098284e-08
1	chr4A	469048671	476493888	3.316405421721268e-08
1	chr4A	476493888	483939105	8.954294638647425e-08
1	chr4A	483939105	491384322	0.0
1	chr4A	491384322	498829539	0.0
1	chr4A	498829539	506274756	0.0
1	chr4A	506274756	513719973	0.0
1	chr4A	513719973	521165190	5.140428403667967e-08
1	chr4A	521165190	528610407	0.0
1	chr4A	528610407	536055624	0.0
1	chr4A	536055624	543500841	0.0
1	chr4A	543500841	550946058	1.2270700060368693e-07
1	chr4A	550946058	558391275	0.0
1	chr4A	558391275	565836492	9.783395994077743e-08
1	chr4A	565836492	573281709	4.8087878614958395e-08
1	chr4A	573281709	580726926	4.145506777151586e-08
1	chr4A	580726926	588172143	1.658202710860634e-08
1	chr4A	588172143	595617360	2.5038860933995576e-07
1	chr4A	595617360	603062577	4.5268934006495313e-07
1	chr4A	603062577	610507794	7.146853683809334e-07
1	chr4A	610507794	617953011	4.808787861495839e-07
1	chr4A	617953011	625398228	3.3993155572643004e-07
1	chr4A	625398228	632843445	5.98611178620689e-07
1	chr4A	632843445	640288662	1.5752925753176026e-07
1	chr4A	640288662	647733879	1.2768160873626883e-07
1	chr4A	647733879	655179096	2.2219916325532498e-07
1	chr4A	655179096	662624313	1.7245308192950597e-07
1	chr4A	662624313	670069530	2.072753388575793e-07
1	chr4A	670069530	677514747	2.4541400120737387e-07
1	chr4A	677514747	684959964	1.1441598704938377e-07
1	chr4A	684959964	692405181	1.9566791988155486e-07
1	chr4A	692405181	699850398	2.1556635241188244e-07
1	chr4A	699850398	707295615	3.250077313286843e-07
1	chr4A	707295615	714740832	6.715720978985569e-07
1	chr4A	714740832	722186049	6.7986311145286e-08
1	chr4A	722186049	729631266	4.046014614499948e-07
1	chr4A	729631266	737076483	3.681210018110608e-07
1	chr4A	737076483	744521700	6.782049087419994e-07
1	chr4B	0	6731003	6.034358319349625e-07
1	chr4B	6731003	13462006	3.906742620126049e-07
1	chr4B	13462006	20193009	3.503229297859509e-07
1	chr4B	20193009	26924012	1.375613598635933e-07
1	chr4B	26924012	33655015	1.2839060253935372e-07
1	chr4B	33655015	40386018	1.6507363183631192e-07
1	chr4B	40386018	47117021	1.7057608623085565e-07
1	chr4B	47117021	53848024	0.0
1	chr4B	53848024	60579027	2.4577629628961997e-07
1	chr4B	60579027	67310030	0.0
1	chr4B	67310030	74041033	0.0
1	chr4B	74041033	80772036	6.78636041993727e-08
1	chr4B	80772036	87503039	8.987342177754761e-08
1	chr4B	87503039	94234042	1.8341514648479104e-09
1	chr4B	94234042	100965045	0.0
1	chr4B	100965045	107696048	8.80392703126997e-08
1	chr4B	107696048	114427051	7.15319071290685e-08
1	chr4B	114427051	121158054	0.0
1	chr4B	121158054	127889057	0.0
1	chr4B	127889057	134620060	6.78636041993727e-08
1	chr4B	134620060	141351063	3.668302929695821e-08
1	chr4B	141351063	148082066	7.886851298846015e-08
1	chr4B	148082066	154813069	3.301472636726239e-08
1	chr4B	154813069	161544072	0.0
1	chr4B	161544072	168275075	7.15319071290685e-08
1	chr4B	168275075	175006078	5.31903924805894e-08
1	chr4B	175006078	181737081	1.2288814814480999e-07
1	chr4B	181737081	188468084	5.502454394543731e-08
1	chr4B	188468084	195199087	0.0
1	chr4B	195199087	201930090	3.48488778321103e-08
1	chr4B	201930090	208661093	0.0
1	chr4B	208661093	215392096	3.48488778321103e-08
1	chr4B	215392096	222123099	0.0
1	chr4B	222123099	228854102	0.0
1	chr4B	228854102	235585105	0.0
1	chr4B	235585105	242316108	4.218548369150194e-08
1	chr4B	242316108	249047111	0.0
1	chr4B	249047111	255778114	6.419530126967686e-08
1	chr4B	255778114	262509117	0.0
1	chr4B	262509117	269240120	0.0
1	chr4B	269240120	275971123	0.0
1	chr4B	275971123	282702126	4.218548369150194e-08
1	chr4B	282702126	289433129	0.0
1	chr4B	289433129	296164132	0.0
1	chr4B	296164132	302895135	0.0
1	chr4B	302895135	309626138	0.0
1	chr4B	309626138	316357141	5.869284687513313e-08
1	chr4B	316357141	323088144	0.0
1	chr4B	323088144	329819147	4.585378662119776e-08
1	chr4B	329819147	336550150	0.0
1	chr4B	336550150	343281153	0.0
1	chr4B	343281153	350012156	0.0
1	chr4B	350012156	356743159	0.0
1	chr4B	356743159	363474162	7.703436152361224e-08
1	chr4B	363474162	370205165	0.0
1	chr4B	370205165	376936168	5.31903924805894e-08
1	chr4B	376936168	383667171	0.0
1	chr4B	383667171	390398174	5.31903924805894e-08
1	chr4B	390398174	397129177	0.0
1	chr4B	397129177	403860180	1.5406872304722447e-07
1	chr4B	403860180	410591183	7.886851298846015e-08
1	chr4B	410591183	417322186	7.520021005876432e-08
1	chr4B	417322186	424053189	2.0175666113327014e-08
1	chr4B	424053189	430784192	2.5678120507870744e-07
1	chr4B	430784192	437515195	0.0
1	chr4B	437515195	444246198	1.0821493642602671e-07
1	chr4B	444246198	450977201	6.419530126967686e-08
1	chr4B	450977201	457708204	6.052699833998104e-08
1	chr4B	457708204	464439207	0.0
1	chr4B	464439207	471170210	5.31903924805894e-08
1	chr4B	471170210	477901213	0.0
1	chr4B	477901213	484632216	9.904417910178717e-08
1	chr4B	484632216	491363219	7.3366058593916415e-09
1	chr4B	491363219	498094222	4.585378662119776e-08
1	chr4B	498094222	504825225	5.1356241015741486e-08
1	chr4B	504825225	511556228	0.0
1	chr4B	511556228	518287231	5.31903924805894e-08
1	chr4B	518287231	525018234	4.933867440440878e-07
1	chr4B	525018234	531749237	2.4027384189507626e-07
1	chr4B	531749237	538480240	1.1921984521511415e-07
1	chr4B	538480240	545211243	0.0
1	chr4B	545211243	551942246	2.127615699223576e-07
1	chr4B	551942246	558673249	3.154740519538406e-07
1	chr4B	558673249	565404252	1.577370259769203e-07
1	chr4B	565404252	572135255	2.329372360356846e-07
1	chr4B	572135255	578866258	6.419530126967686e-08
1	chr4B	578866258	585597261	6.96977556642206e-08
1	chr4B	585597261	592328264	8.80392703126997e-08
1	chr4B	592328264	599059267	8.437096738300387e-08
1	chr4B	599059267	605790270	3.393180209968634e-07
1	chr4B	605790270	612521273	5.282356218761982e-07
1	chr4B	612521273	619252276	2.5678120507870744e-07
1	chr4B	619252276	625983279	3.246448092780801e-07
1	chr4B	625983279	632714282	7.15319071290685e-08
1	chr4B	632714282	639445285	7.53836252052491e-07
1	chr4B	639445285	646176288	1.6323948037146401e-07
1	chr4B	646176288	652907291	4.108499281259319e-07
1	chr4B	652907291	659638294	6.199431951185937e-07
1	chr4B	659638294	666369297	3.760010502938216e-07
1	chr4B	666369297	673100300	2.145957213872055e-07
1	chr4D	0	5096668	7.799818708959086e-07
1	chr4D	5096668	10193336	1.283821091847303e-07
1	chr4D	10193336	15290004	1.7682818812236439e-07
1	chr4D	15290004	20386672	1.9378431575053627e-07
1	chr4D	20386672	25483340	0.0
1	chr4D	25483340	30580008	1.5502745260042905e-07
1	chr4D	30580008	35676676	0.0
1	chr4D	35676676	40773344	3.391225525634385e-08
1	chr4D	40773344	45870012	0.0
1	chr4D	45870012	50966680	0.0
1	chr4D	50966680	56063348	0.0
1	chr4D	56063348	61160016	6.297990261892429e-08
1	chr4D	61160016	66256684	0.0
1	chr4D	66256684	71353352	0.0
1	chr4D	71353352	76450020	7.266911840645111e-09
1	chr4D	76450020	81546688	0.0
1	chr4D	81546688	86643356	0.0
1	chr4D	86643356	91740024	0.0
1	chr4D	91740024	96836692	0.0
1	chr4D	96836692	101933360	7.509142235333282e-08
1	chr4D	101933360	107030028	1.937843157505363e-08
1	chr4D	107030028	112126696	0.0
1	chr4D	112126696	117223364	0.0
1	chr4D	117223364	122320032	0.0
1	chr4D	122320032	127416700	0.0
1	chr4D	127416700	132513368	0.0
1	chr4D	132513368	137610036	8.235833419397793e-08
1	chr4D	137610036	142706704	0.0
1	chr4D	142706704	147803372	0.0
1	chr4D	147803372	152900040	0.0
1	chr4D	152900040	157996708	0.0
1	chr4D	157996708	163093376	0.0
1	chr4D	163093376	168190044	0.0
1	chr4D	168190044	173286712	0.0
1	chr4D	173286712	178383380	0.0
1	chr4D	178383380	183480048	0.0
1	chr4D	183480048	188576716	7.751372630021452e-08
1	chr4D	188576716	193673384	0.0
1	chr4D	193673384	198770052	0.0
1	chr4D	198770052	203866720	0.0
1	chr4D	203866720	208963388	7.751372630021452e-08
1	chr4D	208963388	214060056	0.0
1	chr4D	214060056	219156724	8.720294208774133e-08
1	chr4D	219156724	224253392	0.0
1	chr4D	224253392	229350060	0.0
1	chr4D	229350060	234446728	0.0
1	chr4D	234446728	239543396	7.02468144595694e-08
1	chr4D	239543396	244640064	0.0
1	chr4D	244640064	249736732	0.0
1	chr4D	249736732	254833400	0.0
1	chr4D	254833400	259930068	0.0
1	chr4D	259930068	265026736	8.962524603462303e-08
1	chr4D	265026736	270123404	0.0
1	chr4D	270123404	275220072	0.0
1	chr4D	275220072	280316740	0.0
1	chr4D	280316740	285413408	0.0
1	chr4D	285413408	290510076	0.0
1	chr4D	290510076	295606744	1.0900367760967667e-07
1	chr4D	295606744	300703412	0.0
1	chr4D	300703412	305800080	0.0
1	chr4D	305800080	310896748	0.0
1	chr4D	310896748	315993416	0.0
1	chr4D	315993416	321090084	0.0
1	chr4D	321090084	326186752	0.0
1	chr4D	326186752	331283420	0.0
1	chr4D	331283420	336380088	8.235833419397793e-08
1	chr4D	336380088	341476756	4.844607893763407e-08
1	chr4D	341476756	346573424	6.78245105126877e-08
1	chr4D	346573424	351670092	7.266911840645111e-08
1	chr4D	351670092	356766760	0.0
1	chr4D	356766760	361863428	0.0
1	chr4D	361863428	366960096	0.0
1	chr4D	366960096	372056764	0.0
1	chr4D	372056764	377153432	0.0
1	chr4D	377153432	382250100	0.0
1	chr4D	382250100	387346768	0.0
1	chr4D	387346768	392443436	0.0
1	chr4D	392443436	397540104	0.0
1	chr4D	397540104	402636772	5.8135294725160886e-08
1	chr4D	402636772	407733440	0.0
1	chr4D	407733440	412830108	0.0
1	chr4D	412830108	417926776	0.0
1	chr4D	417926776	423023444	0.0
1	chr4D	423023444	428120112	0.0
1	chr4D	428120112	433216780	0.0
1	chr4D	433216780	438313448	1.211151973440852e-07
1	chr4D	438313448	443410116	8.478063814085964e-08
1	chr4D	443410116	448506784	0.0
1	chr4D	448506784	453603452	0.0
1	chr4D	453603452	458700120	1.9136201180365462e-07
1	chr4D	458700120	463796788	7.266911840645111e-08
1	chr4D	463796788	468893456	0.0
1	chr4D	468893456	473990124	5.5712990778279184e-08
1	chr4D	473990124	479086792	3.6334559203225554e-08
1	chr4D	479086792	484183460	3.100549052008581e-07
1	chr4D	484183460	489280128	2.0347353153806313e-07
1	chr4D	489280128	494376796	0.0
1	chr4D	494376796	499473464	1.7440588417548266e-07
1	chr4D	499473464	504570132	2.3254117890064354e-07
1	chr5A	0	7084415	6.67436204927068e-07
1	chr5A	7084415	14168830	3.955822937818393e-07
1	chr5A	14168830	21253245	3.9906760033498323e-07
1	chr5A	21253245	28337660	1.1152980970060668e-07
1	chr5A	28337660	35422075	4.2346474620699094e-07
1	chr5A	35422075	42506490	1.4812552850861824e-07
1	chr5A	42506490	49590905	1.4986818178519022e-07
1	chr5A	49590905	56675320	5.2279598297159374e-08
1	chr5A	56675320	63759735	5.576490485030334e-08
1	chr5A	63759735	70844150	1.9169186042291774e-08
1	chr5A	70844150	77928565	0.0
1	chr5A	77928565	85012980	0.0
1	chr5A	85012980	92097395	0.0
1	chr5A	92097395	99181810	0.0
1	chr5A	99181810	106266225	1.7426532765719794e-09
1	chr5A	106266225	113350640	0.0
1	chr5A	113350640	120435055	6.622082450973521e-08
1	chr5A	120435055	127519470	0.0
1	chr5A	127519470	134603885	0.0
1	chr5A	134603885	141688300	0.0
1	chr5A	141688300	148772715	0.0
1	chr5A	148772715	155857130	1.7426532765719794e-08
1	chr5A	155857130	162941545	0.0
1	chr5A	162941545	170025960	0.0
1	chr5A	170025960	177110375	7.319143761602313e-08
1	chr5A	177110375	184194790	0.0
1	chr5A	184194790	191279205	0.0
1	chr5A	191279205	198363620	0.0
1	chr5A	198363620	205448035	0.0
1	chr5A	205448035	212532450	0.0
1	chr5A	212532450	219616865	0.0
1	chr5A	219616865	226701280	0.0
1	chr5A	226701280	233785695	0.0
1	chr5A	233785695	240870110	0.0
1	chr5A	240870110	247954525	0.0
1	chr5A	247954525	255038940	0.0
1	chr5A	255038940	262123355	0.0
1	chr5A	262123355	269207770	0.0
1	chr5A	269207770	276292185	0.0
1	chr5A	276292185	283376600	1.7426532765719794e-08
1	chr5A	283376600	290461015	0.0
1	chr5A	290461015	297545430	0.0
1	chr5A	297545430	304629845	3.6595718808011564e-08
1	chr5A	304629845	311714260	0.0
1	chr5A	311714260	318798675	0.0
1	chr5A	318798675	325883090	0.0
1	chr5A	325883090	332967505	4.7051638467443444e-08
1	chr5A	332967505	340051920	0.0
1	chr5A	340051920	347136335	4.182367863772751e-08
1	chr5A	347136335	354220750	0.0
1	chr5A	354220750	361305165	0.0
1	chr5A	361305165	368389580	0.0
1	chr5A	368389580	375473995	0.0
1	chr5A	375473995	382558410	3.485306553143959e-08
1	chr5A	382558410	389642825	2.439714587200771e-08
1	chr5A	389642825	396727240	9.584593021145887e-08
1	chr5A	396727240	403811655	2.6139799148579687e-08
1	chr5A	403811655	410896070	9.758858348803084e-08
1	chr5A	410896070	417980485	1.8297859404005783e-07
1	chr5A	417980485	425064900	2.927657504640925e-07
1	chr5A	425064900	432149315	3.3110412254867604e-08
1	chr5A	432149315	439233730	6.430390590550604e-07
1	chr5A	439233730	446318145	8.382162260311221e-07
1	chr5A	446318145	453402560	4.3914862569613885e-07
1	chr5A	453402560	460486975	1.585814481680501e-07
1	chr5A	460486975	467571390	6.970613106287917e-08
1	chr5A	467571390	474655805	4.0081025361155524e-08
1	chr5A	474655805	481740220	5.07112103482446e-07
1	chr5A	481740220	488824635	6.691788582036401e-07
1	chr5A	488824635	495909050	3.868690273989794e-07
1	chr5A	495909050	502993465	1.1850042280689459e-07
1	chr5A	502993465	510077880	2.2654492595435733e-07
1	chr5A	510077880	517162295	6.099286468001928e-08
1	chr5A	517162295	524246710	2.404861521669331e-07
1	chr5A	524246710	531331125	6.970613106287917e-08
1	chr5A	531331125	538415540	2.4919941854979303e-07
1	chr5A	538415540	545499955	4.862002641635822e-07
1	chr5A	545499955	552584370	7.075172302882236e-07
1	chr5A	552584370	559668785	2.1608900629492546e-07
1	chr5A	559668785	566753200	2.038904333589216e-07
1	chr5A	566753200	573837615	7.563115220322391e-07
1	chr5A	573837615	580922030	1.7949328748691389e-07
1	chr5A	580922030	588006445	8.713266382859897e-08
1	chr5A	588006445	595090860	1.2372838263661055e-07
1	chr5A	595090860	602175275	1.0630184987089073e-07
1	chr5A	602175275	609259690	1.4812552850861824e-07
1	chr5A	609259690	616344105	4.966561838230141e-07
1	chr5A	616344105	623428520	4.1300882654755904e-07
1	chr5A	623428520	630512935	0.0
1	chr5A	630512935	637597350	8.539001055202698e-08
1	chr5A	637597350	644681765	6.099286468001928e-08
1	chr5A	644681765	651766180	2.021477800823496e-07
1	chr5A	651766180	658850595	3.049643234000964e-07
1	chr5A	658850595	665935010	3.973249470584113e-07
1	chr5A	665935010	673019425	2.1957431284806942e-07
1	chr5A	673019425	680103840	1.864639005932018e-07
1	chr5A	680103840	687188255	3.9209698722869535e-07
1	chr5A	687188255	694272670	2.5617003165608097e-07
1	chr5A	694272670	701357085	4.461192388024267e-07
1	chr5B	0	7129071	1.454659431834859e-07
1	chr5B	7129071	14258142	2.840049366915677e-07
1	chr5B	14258142	21387213	3.4807922118905554e-07
1	chr5B	21387213	28516284	4.6756910308977615e-07
1	chr5B	28516284	35645355	2.7188277475961055e-07
1	chr5B	35645355	42774426	3.7059180763411886e-07
1	chr5B	42774426	49903497	1.0736771996876341e-07
1	chr5B	49903497	57032568	1.3334378125152874e-07
1	chr5B	57032568	64161639	6.061080965978579e-08
1	chr5B	64161639	71290710	4.1734871794309646e-07
1	chr5B	71290710	78419781	6.753775933518988e-08
1	chr5B	78419781	85548852	1.9395459091131453e-07
1	chr5B	85548852	92677923	2.9439536120467387e-08
1	chr5B	92677923	99806994	0.0
1	chr5B	99806994	106936065	4.675691030897761e-08
1	chr5B	106936065	114065136	0.0
1	chr5B	114065136	121194207	1.922228534924635e-07
1	chr5B	121194207	128323278	0.0
1	chr5B	128323278	135452349	1.5585636769659205e-08
1	chr5B	135452349	142581420	4.848864772782863e-08
1	chr5B	142581420	149710491	0.0
1	chr5B	149710491	156839562	0.0
1	chr5B	156839562	163968633	0.0
1	chr5B	163968633	171097704	0.0
1	chr5B	171097704	178226775	0.0
1	chr5B	178226775	185355846	0.0
1	chr5B	185355846	192484917	1.731737418851023e-08
1	chr5B	192484917	199613988	4.848864772782863e-08
1	chr5B	199613988	206743059	5.195212256553068e-09
1	chr5B	206743059	213872130	0.0
1	chr5B	213872130	221001201	0.0
1	chr5B	221001201	228130272	0.0
1	chr5B	228130272	235259343	0.0
1	chr5B	235259343	242388414	0.0
1	chr5B	242388414	249517485	5.3683859984381706e-08
1	chr5B	249517485	256646556	1.7317374188510225e-09
1	chr5B	256646556	263775627	0.0
1	chr5B	263775627	270904698	7.792818384829603e-08
1	chr5B	270904698	278033769	0.0
1	chr5B	278033769	285162840	1.4719768060233693e-07
1	chr5B	285162840	292291911	7.446470901059398e-08
1	chr5B	292291911	299420982	1.0217250771221035e-07
1	chr5B	299420982	306550053	0.0
1	chr5B	306550053	313679124	1.1948988190072055e-07
1	chr5B	313679124	320808195	0.0
1	chr5B	320808195	327937266	9.697729545565726e-08
1	chr5B	327937266	335066337	2.909318863669718e-07
1	chr5B	335066337	342195408	1.5931984253429407e-07
1	chr5B	342195408	349324479	0.0
1	chr5B	349324479	356453550	3.3249358441939636e-07
1	chr5B	356453550	363582621	1.3334378125152874e-07
1	chr5B	363582621	370711692	5.8879072240934774e-08
1	chr5B	370711692	377840763	7.100123417289192e-08
1	chr5B	377840763	384969834	4.675691030897761e-08
1	chr5B	384969834	392098905	1.5066115544003897e-07
1	chr5B	392098905	399227976	2.233941270317819e-07
1	chr5B	399227976	406357047	2.511019257333983e-07
1	chr5B	406357047	413486118	2.30321076707186e-07
1	chr5B	413486118	420615189	1.2814856899497568e-07
1	chr5B	420615189	427744260	2.7188277475961055e-07
1	chr5B	427744260	434873331	2.7707798701616366e-07
1	chr5B	434873331	442002402	2.597606128276534e-07
1	chr5B	442002402	449131473	1.142946696441675e-07
1	chr5B	449131473	456260544	1.1256293222531647e-07
1	chr5B	456260544	463389615	6.07839834016709e-07
1	chr5B	463389615	470518686	3.740552824718209e-07
1	chr5B	470518686	477647757	4.4505651664471283e-07
1	chr5B	477647757	484776828	1.5239289285889e-07
1	chr5B	484776828	491905899	4.2600740503735156e-07
1	chr5B	491905899	499034970	5.022038514667966e-08
1	chr5B	499034970	506164041	8.139165868599807e-08
1	chr5B	506164041	513293112	1.3334378125152874e-07
1	chr5B	513293112	520422183	5.437655495192211e-07
1	chr5B	520422183	527551254	9.697729545565726e-07
1	chr5B	527551254	534680325	3.619331205398637e-07
1	chr5B	534680325	541809396	2.4763845089569626e-07
1	chr5B	541809396	548938467	5.056673263044985e-07
1	chr5B	548938467	556067538	1.1325562719285688e-06
1	chr5B	556067538	563196609	1.298803064138267e-07
1	chr5B	563196609	570325680	5.541559740323272e-08
1	chr5B	570325680	577454751	3.757870198906719e-07
1	chr5B	577454751	584583822	3.4115227151365146e-07
1	chr5B	584583822	591712893	7.204027662420254e-07
1	chr5B	591712893	598841964	3.3076184700054534e-07
1	chr5B	598841964	605971035	2.1300370251867578e-07
1	chr5B	605971035	613100106	1.5066115544003897e-07
1	chr5B	613100106	620229177	1.0390424513106135e-07
1	chr5B	620229177	627358248	4.1215350568654345e-07
1	chr5B	627358248	634487319	5.195212256553067e-08
1	chr5B	634487319	641616390	6.251572082052192e-07
1	chr5B	641616390	648745461	2.355162889637391e-07
1	chr5B	648745461	655874532	2.1646717735637785e-07
1	chr5B	655874532	663003603	5.35106862424966e-07
1	chr5B	663003603	670132674	8.779908713574685e-07
1	chr5B	670132674	677261745	2.4590671347684524e-07
1	chr5B	677261745	684390816	7.152075539854724e-07
1	chr5B	684390816	691519887	4.104217682676924e-07
1	chr5B	691519887	698648958	9.403334184361052e-07
1	chr5B	698648958	705778029	4.190804553619475e-07
1	chr5B	705778029	712907100	6.13035046273262e-07
1	chr5D	0	5657192	9.82034117907887e-08
1	chr5D	5657192	11314384	2.3787048633768823e-07
1	chr5D	11314384	16971576	9.38388157111981e-08
1	chr5D	16971576	22628768	1.6149005494485253e-07
1	chr5D	22628768	28285960	8.510962355201689e-08
1	chr5D	28285960	33943152	1.2657328630812765e-07
1	chr5D	33943152	39600344	0.0
1	chr5D	39600344	45257536	1.440316706264901e-07
1	chr5D	45257536	50914728	0.0
1	chr5D	50914728	56571920	2.6187576477543653e-08
1	chr5D	56571920	62229112	2.8151644713359427e-07
1	chr5D	62229112	67886304	0.0
1	chr5D	67886304	73543496	2.3568818829789292e-07
1	chr5D	73543496	79200688	1.2657328630812765e-07
1	chr5D	79200688	84857880	0.0
1	chr5D	84857880	90515072	4.36459607959061e-09
1	chr5D	90515072	96172264	4.5828258835701395e-08
1	chr5D	96172264	101829456	0.0
1	chr5D	101829456	107486648	0.0
1	chr5D	107486648	113143840	5.4557450994882616e-08
1	chr5D	113143840	118801032	2.836987451733896e-08
1	chr5D	118801032	124458224	0.0
1	chr5D	124458224	130115416	0.0
1	chr5D	130115416	135772608	4.364596079590609e-08
1	chr5D	135772608	141429800	0.0
1	chr5D	141429800	147086992	0.0
1	chr5D	147086992	152744184	0.0
1	chr5D	152744184	158401376	2.836987451733896e-08
1	chr5D	158401376	164058568	0.0
1	chr5D	164058568	169715760	6.110434511426854e-08
1	chr5D	169715760	175372952	0.0
1	chr5D	175372952	181030144	9.165651767140279e-08
1	chr5D	181030144	186687336	0.0
1	chr5D	186687336	192344528	1.2875558434792296e-07
1	chr5D	192344528	198001720	0.0
1	chr5D	198001720	203658912	0.0
1	chr5D	203658912	209316104	0.0
1	chr5D	209316104	214973296	0.0
1	chr5D	214973296	220630488	0.0
1	chr5D	220630488	226287680	8.074502747242627e-08
1	chr5D	226287680	231944872	4.146366275611079e-08
1	chr5D	231944872	237602064	0.0
1	chr5D	237602064	243259256	8.074502747242627e-08
1	chr5D	243259256	248916448	0.0
1	chr5D	248916448	254573640	9.82034117907887e-08
1	chr5D	254573640	260230832	5.892204707447323e-08
1	chr5D	260230832	265888024	0.0
1	chr5D	265888024	271545216	0.0
1	chr5D	271545216	277202408	5.892204707447323e-08
1	chr5D	277202408	282859600	3.491676863672488e-08
1	chr5D	282859600	288516792	0.0
1	chr5D	288516792	294173984	0.0
1	chr5D	294173984	299831176	0.0
1	chr5D	299831176	305488368	8.947421963160749e-08
1	chr5D	305488368	311145560	0.0
1	chr5D	311145560	316802752	0.0
1	chr5D	316802752	322459944	0.0
1	chr5D	322459944	328117136	7.201583531324505e-08
1	chr5D	328117136	333774328	0.0
1	chr5D	333774328	339431520	0.0
1	chr5D	339431520	345088712	6.328664315406382e-08
1	chr5D	345088712	350745904	1.00385709830584e-07
1	chr5D	350745904	356403096	6.546894119385913e-08
1	chr5D	356403096	362060288	8.510962355201689e-08
1	chr5D	362060288	367717480	4.5828258835701395e-08
1	chr5D	367717480	373374672	2.0295371770096332e-07
1	chr5D	373374672	379031864	0.0
1	chr5D	379031864	384689056	2.727872549744131e-07
1	chr5D	384689056	390346248	1.811307373030103e-07
1	chr5D	390346248	396003440	1.7894843926321499e-07
1	chr5D	396003440	401660632	2.1604750593973515e-07
1	chr5D	401660632	407317824	9.82034117907887e-08
1	chr5D	407317824	412975016	1.1129720002956054e-07
1	chr5D	412975016	418632208	0.0
1	chr5D	418632208	424289400	1.876776314223962e-07
1	chr5D	424289400	429946592	1.2002639218874177e-07
1	chr5D	429946592	435603784	1.7458384318362436e-07
1	chr5D	435603784	441260976	3.8626675304376895e-07
1	chr5D	441260976	446918168	2.1604750593973515e-07
1	chr5D	446918168	452575360	3.8844905108356426e-07
1	chr5D	452575360	458232552	2.313235922183023e-07
1	chr5D	458232552	463889744	8.729192159181218e-08
1	chr5D	463889744	469546936	1.5276086278567134e-07
1	chr5D	469546936	475204128	9.38388157111981e-08
1	chr5D	475204128	480861320	9.602111375099341e-08
1	chr5D	480861320	486518512	1.898599294621915e-07
1	chr5D	486518512	492175704	8.947421963160749e-08
1	chr5D	492175704	497832896	1.353024784673089e-07
1	chr5D	497832896	503490088	8.074502747242627e-08
1	chr5D	503490088	509147280	7.638043139283567e-08
1	chr5D	509147280	514804472	2.00771419661168e-07
1	chr5D	514804472	520461664	1.5712545886526194e-07
1	chr5D	520461664	526118856	2.0513601574075863e-07
1	chr5D	526118856	531776048	2.6405806281523184e-07
1	chr5D	531776048	537433240	1.5276086278567134e-07
1	chr5D	537433240	543090432	5.172046354314871e-07
1	chr5D	543090432	548747624	7.026999688140881e-07
1	chr5D	548747624	554404816	9.842164159476825e-07
1	chr5D	554404816	560062008	3.0988632165093325e-07
1	chr5D	560062008	565719200	7.572574198089707e-07
1	chr6A	0	6170559	6.402365302642139e-07
1	chr6A	6170559	12341118	5.001847892689171e-07
1	chr6A	12341118	18511677	3.5012935248824197e-07
1	chr6A	18511677	24682236	7.442749664321486e-07
1	chr6A	24682236	30852795	6.682468784632732e-07
1	chr6A	30852795	37023354	1.940716982363398e-07
1	chr6A	37023354	43193913	2.1808056812124784e-07
1	chr6A	43193913	49364472	2.560946121056856e-07
1	chr6A	49364472	55535031	6.622446609920463e-07
1	chr6A	55535031	61705590	3.841419181585283e-07
1	chr6A	61705590	67876149	2.4809165547738286e-07
1	chr6A	67876149	74046708	3.5813230911654464e-07
1	chr6A	74046708	80217267	1.640606108802048e-07
1	chr6A	80217267	86387826	1.6806208919435615e-07
1	chr6A	86387826	92558385	4.6417148444155504e-07
1	chr6A	92558385	98728944	2.4208943800615586e-07
1	chr6A	98728944	104899503	4.181544838288147e-07
1	chr6A	104899503	111070062	5.341973549392035e-07
1	chr6A	111070062	117240621	6.362350519500626e-07
1	chr6A	117240621	123411180	0.0
1	chr6A	123411180	129581739	0.0
1	chr6A	129581739	135752298	0.0
1	chr6A	135752298	141922857	0.0
1	chr6A	141922857	148093416	6.602439218349705e-08
1	chr6A	148093416	154263975	7.602808796887539e-08
1	chr6A	154263975	160434534	7.602808796887539e-08
1	chr6A	160434534	166605093	0.0
1	chr6A	166605093	172775652	0.0
1	chr6A	172775652	178946211	0.0
1	chr6A	178946211	185116770	5.2019218083967376e-08
1	chr6A	185116770	191287329	0.0
1	chr6A	191287329	197457888	3.401256567028636e-08
1	chr6A	197457888	203628447	0.0
1	chr6A	203628447	209799006	0.0
1	chr6A	209799006	215969565	5.401995724104305e-08
1	chr6A	215969565	222140124	0.0
1	chr6A	222140124	228310683	0.0
1	chr6A	228310683	234481242	8.403104459717807e-08
1	chr6A	234481242	240651801	0.0
1	chr6A	240651801	246822360	0.0
1	chr6A	246822360	252992919	0.0
1	chr6A	252992919	259163478	0.0
1	chr6A	259163478	265334037	0.0
1	chr6A	265334037	271504596	0.0
1	chr6A	271504596	277675155	0.0
1	chr6A	277675155	283845714	0.0
1	chr6A	283845714	290016273	0.0
1	chr6A	290016273	296186832	0.0
1	chr6A	296186832	302357391	0.0
1	chr6A	302357391	308527950	0.0
1	chr6A	308527950	314698509	0.0
1	chr6A	314698509	320869068	0.0
1	chr6A	320869068	327039627	0.0
1	chr6A	327039627	333210186	0.0
1	chr6A	333210186	339380745	0.0
1	chr6A	339380745	345551304	0.0
1	chr6A	345551304	351721863	0.0
1	chr6A	351721863	357892422	0.0
1	chr6A	357892422	364062981	0.0
1	chr6A	364062981	370233540	0.0
1	chr6A	370233540	376404099	0.0
1	chr6A	376404099	382574658	0.0
1	chr6A	382574658	388745217	0.0
1	chr6A	388745217	394915776	0.0
1	chr6A	394915776	401086335	2.400886988490802e-08
1	chr6A	401086335	407256894	6.202291386934572e-08
1	chr6A	407256894	413427453	1.260465668957671e-07
1	chr6A	413427453	419598012	1.2404582773869143e-07
1	chr6A	419598012	425768571	2.160798289641722e-07
1	chr6A	425768571	431939130	6.602439218349705e-08
1	chr6A	431939130	438109689	2.0007391570756686e-09
1	chr6A	438109689	444280248	9.403474038255641e-08
1	chr6A	444280248	450450807	2.280842639066262e-07
1	chr6A	450450807	456621366	8.603178375425373e-08
1	chr6A	456621366	462791925	7.402734881179974e-08
1	chr6A	462791925	468962484	0.0
1	chr6A	468962484	475133043	0.0
1	chr6A	475133043	481303602	0.0
1	chr6A	481303602	487474161	6.802513134057272e-08
1	chr6A	487474161	493644720	3.0011087356135024e-08
1	chr6A	493644720	499815279	2.9610939524719894e-07
1	chr6A	499815279	505985838	7.402734881179974e-08
1	chr6A	505985838	512156397	0.0
1	chr6A	512156397	518326956	1.4205248015237244e-07
1	chr6A	518326956	524497515	6.002217471227005e-08
1	chr6A	524497515	530668074	7.002587049764839e-08
1	chr6A	530668074	536838633	2.0007391570756686e-09
1	chr6A	536838633	543009192	7.802882712595106e-08
1	chr6A	543009192	549179751	5.081877458972197e-07
1	chr6A	549179751	555350310	3.481286133311663e-07
1	chr6A	555350310	561520869	2.861056994618206e-07
1	chr6A	561520869	567691428	6.022224862797761e-07
1	chr6A	567691428	573861987	4.781766585410847e-07
1	chr6A	573861987	580032546	7.002587049764839e-08
1	chr6A	580032546	586203105	8.062978803014943e-07
1	chr6A	586203105	592373664	4.001478314151337e-08
1	chr6A	592373664	598544223	8.363089676576294e-07
1	chr6A	598544223	604714782	6.542417043637436e-07
1	chr6A	604714782	610885341	1.4765454979218433e-06
1	chr6B	0	7209859	5.958918608944081e-07
1	chr6B	7209859	14419718	1.5068529815720664e-07
1	chr6B	14419718	21629577	1.8493195682929907e-07
1	chr6B	21629577	28839436	3.9212424179545814e-07
1	chr6B	28839436	36049295	5.650698680895249e-08
1	chr6B	36049295	43259154	1.5924696282522975e-07
1	chr6B	43259154	50469013	3.767132453930166e-08
1	chr6B	50469013	57678872	1.6780862749325284e-07
1	chr6B	57678872	64888731	2.5684994004069314e-08
1	chr6B	64888731	72098590	1.5068529815720664e-07
1	chr6B	72098590	79308449	1.0445230894988188e-07
1	chr6B	79308449	86518308	3.424665867209242e-08
1	chr6B	86518308	93728167	5.136998800813863e-08
1	chr6B	93728167	100938026	5.136998800813863e-09
1	chr6B	100938026	108147885	0.0
1	chr6B	108147885	115357744	6.50686514769756e-08
1	chr6B	115357744	122567603	4.0924757113150437e-07
1	chr6B	122567603	129777462	4.657545579404569e-07
1	chr6B	129777462	136987321	3.167815927168549e-07
1	chr6B	136987321	144197180	4.7602855554208463e-07
1	chr6B	144197180	151407039	5.10275214214177e-07
1	chr6B	151407039	158616898	6.917825051762669e-07
1	chr6B	158616898	165826757	2.1746628256778687e-07
1	chr6B	165826757	173036616	2.294526131030192e-07
1	chr6B	173036616	180246475	1.883566226965083e-07
1	chr6B	180246475	187456334	2.859595999119717e-07
1	chr6B	187456334	194666193	3.4075425378731956e-07
1	chr6B	194666193	201876052	2.859595999119717e-07
1	chr6B	201876052	209085911	8.561664668023105e-08
1	chr6B	209085911	216295770	5.4794653875347876e-08
1	chr6B	216295770	223505629	1.8493195682929907e-07
1	chr6B	223505629	230715488	2.294526131030192e-07
1	chr6B	230715488	237925347	2.9965826338080867e-07
1	chr6B	237925347	245135206	1.1986330535232347e-08
1	chr6B	245135206	252345065	1.1301397361790498e-07
1	chr6B	252345065	259554924	5.4794653875347876e-08
1	chr6B	259554924	266764783	1.712332933604621e-08
1	chr6B	266764783	273974642	0.0
1	chr6B	273974642	281184501	1.883566226965083e-08
1	chr6B	281184501	288394360	0.0
1	chr6B	288394360	295604219	1.7123329336046211e-09
1	chr6B	295604219	302814078	0.0
1	chr6B	302814078	310023937	9.417831134825416e-08
1	chr6B	310023937	317233796	0.0
1	chr6B	317233796	324443655	0.0
1	chr6B	324443655	331653514	0.0
1	chr6B	331653514	338863373	9.246597841464954e-08
1	chr6B	338863373	346073232	1.318496358875558e-07
1	chr6B	346073232	353283091	1.1301397361790498e-07
1	chr6B	353283091	360492950	9.76029772154634e-08
1	chr6B	360492950	367702809	7.705498201220795e-08
1	chr6B	367702809	374912668	0.0
1	chr6B	374912668	382122527	0.0
1	chr6B	382122527	389332386	7.534264907860332e-08
1	chr6B	389332386	396542245	1.3527430175476507e-07
1	chr6B	396542245	403752104	0.0
1	chr6B	403752104	410961963	0.0
1	chr6B	410961963	418171822	5.308232094174325e-08
1	chr6B	418171822	425381681	0.0
1	chr6B	425381681	432591540	0.0
1	chr6B	432591540	439801399	2.0719228496615912e-07
1	chr6B	439801399	447011258	1.0445230894988188e-07
1	chr6B	447011258	454221117	2.1575394963418224e-07
1	chr6B	454221117	461430976	3.3904192085371495e-07
1	chr6B	461430976	468640835	3.4075425378731956e-07
1	chr6B	468640835	475850694	1.0513724212332373e-06
1	chr6B	475850694	483060553	1.6095929575883436e-07
1	chr6B	483060553	490270412	1.1643863948511422e-07
1	chr6B	490270412	497480271	8.047964787941718e-08
1	chr6B	497480271	504690130	0.0
1	chr6B	504690130	511899989	0.0
1	chr6B	511899989	519109848	1.541099640244159e-07
1	chr6B	519109848	526319707	2.517129412398793e-07
1	chr6B	526319707	533529566	4.0753523819789976e-07
1	chr6B	533529566	540739425	1.061646418834865e-07
1	chr6B	540739425	547949284	6.849331734418484e-08
1	chr6B	547949284	555159143	2.3972661070464695e-07
1	chr6B	555159143	562369002	3.9212424179545814e-07
1	chr6B	562369002	569578861	2.7911026817755323e-07
1	chr6B	569578861	576788720	6.421248501017329e-07
1	chr6B	576788720	583998579	7.089058345123131e-07
1	chr6B	583998579	591208438	1.318496358875558e-07
1	chr6B	591208438	598418297	2.1746628256778687e-07
1	chr6B	598418297	605628156	8.904131254744028e-08
1	chr6B	605628156	612838015	1.4897296522360203e-07
1	chr6B	612838015	620047874	1.0787697481709112e-07
1	chr6B	620047874	627257733	8.904131254744028e-08
1	chr6B	627257733	634467592	9.589064428185878e-08
1	chr6B	634467592	641677451	1.2157563828592808e-07
1	chr6B	641677451	648887310	2.106169508333684e-07
1	chr6B	648887310	656097169	2.020552861653453e-07
1	chr6B	656097169	663307028	7.191798321139408e-08
1	chr6B	663307028	670516887	2.5000060830627464e-07
1	chr6B	670516887	677726746	8.219198081302181e-08
1	chr6B	677726746	684936605	3.664392477913889e-07
1	chr6B	684936605	692146464	2.7397326937673935e-07
1	chr6B	692146464	699356323	5.787685315583618e-07
1	chr6B	699356323	706566182	5.479465387534787e-07
1	chr6B	706566182	713776041	6.678098441058023e-07
1	chr6D	0	4734187	7.536460293114533e-07
1	chr6D	4734187	9468374	4.6157559580666864e-07
1	chr6D	9468374	14202561	1.4342744502467106e-07
1	chr6D	14202561	18936748	2.3469945549491625e-07
1	chr6D	18936748	23670935	1.7472070575732653e-07
1	chr6D	23670935	28405122	5.241621172719796e-07
1	chr6D	28405122	33139309	0.0
1	chr6D	33139309	37873496	0.0
1	chr6D	37873496	42607683	0.0
1	chr6D	42607683	47341870	0.0
1	chr6D	47341870	52076057	6.78020649207536e-08
1	chr6D	52076057	56810244	2.607771727721292e-07
1	chr6D	56810244	61544431	3.3118700942060405e-07
1	chr6D	61544431	66278618	0.0
1	chr6D	66278618	71012805	1.277808146583433e-07
1	chr6D	71012805	75746992	2.3730722722263755e-07
1	chr6D	75746992	80481179	2.3209168376719496e-07
1	chr6D	80481179	85215366	9.127201047024521e-08
1	chr6D	85215366	89949553	5.997874973758971e-08
1	chr6D	89949553	94683740	9.127201047024521e-08
1	chr6D	94683740	99417927	1.0952641256429426e-07
1	chr6D	99417927	104152114	0.0
1	chr6D	104152114	108886301	0.0
1	chr6D	108886301	113620488	0.0
1	chr6D	113620488	118354675	8.084092355936005e-08
1	chr6D	118354675	123088862	0.0
1	chr6D	123088862	127823049	0.0
1	chr6D	127823049	132557236	0.0
1	chr6D	132557236	137291423	0.0
1	chr6D	137291423	142025610	0.0
1	chr6D	142025610	146759797	0.0
1	chr6D	146759797	151493984	0.0
1	chr6D	151493984	156228171	0.0
1	chr6D	156228171	160962358	1.4342744502467106e-07
1	chr6D	160962358	165696545	0.0
1	chr6D	165696545	170430732	0.0
1	chr6D	170430732	175164919	0.0
1	chr6D	175164919	179899106	0.0
1	chr6D	179899106	184633293	0.0
1	chr6D	184633293	189367480	0.0
1	chr6D	189367480	194101667	0.0
1	chr6D	194101667	198835854	0.0
1	chr6D	198835854	203570041	0.0
1	chr6D	203570041	208304228	0.0
1	chr6D	208304228	213038415	0.0
1	chr6D	213038415	217772602	0.0
1	chr6D	217772602	222506789	0.0
1	chr6D	222506789	227240976	0.0
1	chr6D	227240976	231975163	0.0
1	chr6D	231975163	236709350	0.0
1	chr6D	236709350	241443537	0.0
1	chr6D	241443537	246177724	0.0
1	chr6D	246177724	250911911	0.0
1	chr6D	250911911	255646098	0.0
1	chr6D	255646098	260380285	0.0
1	chr6D	260380285	265114472	0.0
1	chr6D	265114472	269848659	0.0
1	chr6D	269848659	274582846	0.0
1	chr6D	274582846	279317033	2.3469945549491627e-08
1	chr6D	279317033	284051220	0.0
1	chr6D	284051220	288785407	1.1734972774745813e-07
1	chr6D	288785407	293519594	6.2586521465311e-08
1	chr6D	293519594	298253781	9.64875539256878e-08
1	chr6D	298253781	302987968	0.0
1	chr6D	302987968	307722155	3.051092921433911e-07
1	chr6D	307722155	312456342	2.216605968563098e-07
1	chr6D	312456342	317190529	0.0
1	chr6D	317190529	321924716	0.0
1	chr6D	321924716	326658903	0.0
1	chr6D	326658903	331393090	0.0
1	chr6D	331393090	336127277	0.0
1	chr6D	336127277	340861464	0.0
1	chr6D	340861464	345595651	6.51942931930323e-08
1	chr6D	345595651	350329838	0.0
1	chr6D	350329838	355064025	0.0
1	chr6D	355064025	359798212	4.433211937126196e-08
1	chr6D	359798212	364532399	0.0
1	chr6D	364532399	369266586	0.0
1	chr6D	369266586	374000773	0.0
1	chr6D	374000773	378734960	1.4342744502467106e-07
1	chr6D	378734960	383469147	0.0
1	chr6D	383469147	388203334	3.12932607326555e-08
1	chr6D	388203334	392937521	3.9116575915819374e-08
1	chr6D	392937521	397671708	0.0
1	chr6D	397671708	402405895	1.329963581137859e-07
1	chr6D	402405895	407140082	0.0
1	chr6D	407140082	411874269	0.0
1	chr6D	411874269	416608456	0.0
1	chr6D	416608456	421342643	0.0
1	chr6D	421342643	426076830	4.6157559580666864e-07
1	chr6D	426076830	430811017	0.0
1	chr6D	430811017	435545204	0.0
1	chr6D	435545204	440279391	0.0
1	chr6D	440279391	445013578	7.562538010391746e-08
1	chr6D	445013578	449747765	1.6950516230188396e-07
1	chr6D	449747765	454481952	1.955828795790969e-07
1	chr6D	454481952	459216139	4.433211937126196e-07
1	chr6D	459216139	463950326	1.3456102115041866e-06
1	chr6D	463950326	468684513	5.111232586333732e-07
1	chr7A	0	7366890	7.273116187913794e-07
1	chr7A	7366890	14733780	7.692074493669197e-07
1	chr7A	14733780	22100670	5.312391316978508e-07
1	chr7A	22100670	29467560	6.049757935108017e-07
1	chr7A	29467560	36834450	3.117049794820197e-07
1	chr7A	36834450	44201340	1.9774832031655014e-07
1	chr7A	44201340	51568230	2.4634748378417686e-07
1	chr7A	51568230	58935120	3.3851831105036554e-07
1	chr7A	58935120	66302010	2.8153998146763075e-07
1	chr7A	66302010	73668900	6.870916214388607e-08
1	chr7A	73668900	81035790	3.251116452661926e-07
1	chr7A	81035790	88402680	5.295632984748292e-07
1	chr7A	88402680	95769570	1.0725332627338312e-07
1	chr7A	95769570	103136460	0.0
1	chr7A	103136460	110503350	3.938208074100787e-07
1	chr7A	110503350	117870240	9.552249371223186e-08
1	chr7A	117870240	125237130	1.9774832031655014e-07
1	chr7A	125237130	132604020	1.4244582395683698e-07
1	chr7A	132604020	139970910	8.043999470503735e-08
1	chr7A	139970910	147337800	7.708832825899412e-08
1	chr7A	147337800	154704690	0.0
1	chr7A	154704690	162071580	0.0
1	chr7A	162071580	169438470	0.0
1	chr7A	169438470	176805360	0.0
1	chr7A	176805360	184172250	0.0
1	chr7A	184172250	191539140	3.519249768345384e-08
1	chr7A	191539140	198906030	0.0
1	chr7A	198906030	206272920	7.541249503597252e-08
1	chr7A	206272920	213639810	7.206082858992929e-08
1	chr7A	213639810	221006700	5.195082991366996e-08
1	chr7A	221006700	228373590	3.519249768345384e-08
1	chr7A	228373590	235740480	0.0
1	chr7A	235740480	243107370	8.211582792805897e-08
1	chr7A	243107370	250474260	0.0
1	chr7A	250474260	257841150	7.206082858992929e-08
1	chr7A	257841150	265208040	1.625558226330963e-07
1	chr7A	265208040	272574930	1.3909415751079374e-07
1	chr7A	272574930	279941820	5.0274996690648345e-09
1	chr7A	279941820	287308710	6.703332892086446e-08
1	chr7A	287308710	294675600	0.0
1	chr7A	294675600	302042490	0.0
1	chr7A	302042490	309409380	5.86541628057564e-08
1	chr7A	309409380	316776270	0.0
1	chr7A	316776270	324143160	0.0
1	chr7A	324143160	331510050	0.0
1	chr7A	331510050	338876940	0.0
1	chr7A	338876940	346243830	5.195082991366996e-08
1	chr7A	346243830	353610720	0.0
1	chr7A	353610720	360977610	0.0
1	chr7A	360977610	368344500	0.0
1	chr7A	368344500	375711390	0.0
1	chr7A	375711390	383078280	0.0
1	chr7A	383078280	390445170	0.0
1	chr7A	390445170	397812060	0.0
1	chr7A	397812060	405178950	0.0
1	chr7A	405178950	412545840	3.854416412949706e-08
1	chr7A	412545840	419912730	0.0
1	chr7A	419912730	427279620	0.0
1	chr7A	427279620	434646510	0.0
1	chr7A	434646510	442013400	0.0
1	chr7A	442013400	449380290	0.0
1	chr7A	449380290	456747180	0.0
1	chr7A	456747180	464114070	0.0
1	chr7A	464114070	471480960	1.6758332230216112e-09
1	chr7A	471480960	478847850	0.0
1	chr7A	478847850	486214740	1.7093498874820437e-07
1	chr7A	486214740	493581630	6.703332892086445e-09
1	chr7A	493581630	500948520	2.0109998676259338e-08
1	chr7A	500948520	508315410	2.3461665122302562e-08
1	chr7A	508315410	515682300	2.2288581866187433e-07
1	chr7A	515682300	523049190	1.3741832428777214e-07
1	chr7A	523049190	530416080	0.0
1	chr7A	530416080	537782970	9.384666048921025e-08
1	chr7A	537782970	545149860	3.4689747716547357e-07
1	chr7A	545149860	552516750	9.719832693525347e-08
1	chr7A	552516750	559883640	1.2065999205755604e-07
1	chr7A	559883640	567250530	4.893433011223106e-07
1	chr7A	567250530	574617420	1.474733236259018e-07
1	chr7A	574617420	581984310	2.915949808057604e-07
1	chr7A	581984310	589351200	6.032999602877802e-08
1	chr7A	589351200	596718090	9.217082726618863e-08
1	chr7A	596718090	604084980	3.519249768345384e-08
1	chr7A	604084980	611451870	1.776383216402908e-07
1	chr7A	611451870	618818760	3.938208074100787e-07
1	chr7A	618818760	626185650	4.792883017841808e-07
1	chr7A	626185650	633552540	1.340666578417289e-07
1	chr7A	633552540	640919430	4.0219997352518673e-07
1	chr7A	640919430	648286320	8.295374453956976e-07
1	chr7A	648286320	655653210	4.1895830575540285e-08
1	chr7A	655653210	663020100	1.759624884172692e-07
1	chr7A	663020100	670386990	2.212099854388527e-07
1	chr7A	670386990	677753880	6.08327459956845e-07
1	chr7A	677753880	685120770	2.647816492374146e-07
1	chr7A	685120770	692487660	4.407441376546838e-07
1	chr7A	692487660	699854550	1.3741832428777214e-07
1	chr7A	699854550	707221440	2.865674811366955e-07
1	chr7A	707221440	714588330	9.669557696834698e-07
1	chr7A	714588330	721955220	5.077774665755483e-07
1	chr7A	721955220	729322110	1.8936915420144207e-07
1	chr7B	0	7505936	6.677842282444649e-07
1	chr7B	7505936	15011872	1.0362169058965833e-07
1	chr7B	15011872	22517808	1.2829352168243412e-07
1	chr7B	22517808	30023744	2.3849436723016604e-07
1	chr7B	30023744	37529680	2.8454845193668083e-07
1	chr7B	37529680	45035616	4.457377484094827e-07
1	chr7B	45035616	52541552	2.779692969786073e-07
1	chr7B	52541552	60047488	2.911276068947544e-07
1	chr7B	60047488	67553424	3.947492974844127e-07
1	chr7B	67553424	75059360	1.0526647932917672e-07
1	chr7B	75059360	82565296	1.809267613470225e-08
1	chr7B	82565296	90071232	1.1513521176628706e-08
1	chr7B	90071232	97577168	0.0
1	chr7B	97577168	105083104	9.70425356315848e-08
1	chr7B	105083104	112589040	1.6941324017039379e-07
1	chr7B	112589040	120094976	1.4145183159858123e-07
1	chr7B	120094976	127600912	2.023090149607615e-07
1	chr7B	127600912	135106848	5.263323966458836e-08
1	chr7B	135106848	142612784	0.0
1	chr7B	142612784	150118720	0.0
1	chr7B	150118720	157624656	4.802783119393688e-07
1	chr7B	157624656	165130592	2.8619324067619926e-07
1	chr7B	165130592	172636528	6.250197210169868e-08
1	chr7B	172636528	180142464	1.8915070504461443e-07
1	chr7B	180142464	187648400	1.562549302542467e-07
1	chr7B	187648400	195154336	1.6447887395183863e-07
1	chr7B	195154336	202660272	2.7139014202053376e-07
1	chr7B	202660272	210166208	1.085560568082135e-07
1	chr7B	210166208	217672144	1.6447887395183863e-08
1	chr7B	217672144	225178080	4.6054084706514824e-08
1	chr7B	225178080	232684016	6.579154958073545e-09
1	chr7B	232684016	240189952	1.595445077332835e-07
1	chr7B	240189952	247695888	1.3487267664050766e-07
1	chr7B	247695888	255201824	0.0
1	chr7B	255201824	262707760	0.0
1	chr7B	262707760	270213696	5.592281714362514e-08
1	chr7B	270213696	277719632	0.0
1	chr7B	277719632	285225568	0.0
1	chr7B	285225568	292731504	0.0
1	chr7B	292731504	300237440	0.0
1	chr7B	300237440	307743376	0.0
1	chr7B	307743376	315249312	0.0
1	chr7B	315249312	322755248	0.0
1	chr7B	322755248	330261184	9.868732437110317e-08
1	chr7B	330261184	337767120	1.1842478924532383e-07
1	chr7B	337767120	345273056	0.0
1	chr7B	345273056	352778992	5.098845092506998e-08
1	chr7B	352778992	360284928	0.0
1	chr7B	360284928	367790864	0.0
1	chr7B	367790864	375296800	0.0
1	chr7B	375296800	382802736	0.0
1	chr7B	382802736	390308672	0.0
1	chr7B	390308672	397814608	4.440929596699643e-08
1	chr7B	397814608	405320544	0.0
1	chr7B	405320544	412826480	4.276450722747804e-08
1	chr7B	412826480	420332416	0.0
1	chr7B	420332416	427838352	3.125098605084934e-08
1	chr7B	427838352	435344288	0.0
1	chr7B	435344288	442850224	4.440929596699643e-08
1	chr7B	442850224	450356160	0.0
1	chr7B	450356160	457862096	6.743633832025383e-08
1	chr7B	457862096	465368032	7.40154932783274e-08
1	chr7B	465368032	472873968	8.223943697591931e-08
1	chr7B	472873968	480379904	4.276450722747804e-08
1	chr7B	480379904	487885840	3.125098605084934e-08
1	chr7B	487885840	495391776	1.2829352168243412e-07
1	chr7B	495391776	502897712	1.0691126806869512e-07
1	chr7B	502897712	510403648	0.0
1	chr7B	510403648	517909584	1.792819726075041e-07
1	chr7B	517909584	525415520	1.4309662033809963e-07
1	chr7B	525415520	532921456	6.250197210169868e-08
1	chr7B	532921456	540427392	1.3487267664050766e-07
1	chr7B	540427392	547933328	1.4145183159858123e-07
1	chr7B	547933328	555439264	2.2533605731401893e-07
1	chr7B	555439264	562945200	7.730507075736417e-08
1	chr7B	562945200	570451136	8.536453558100426e-07
1	chr7B	570451136	577957072	6.908112705977222e-08
1	chr7B	577957072	585463008	5.9212394622661914e-08
1	chr7B	585463008	592968944	1.5296535277520993e-07
1	chr7B	592968944	600474880	1.5461014151472833e-07
1	chr7B	600474880	607980816	1.0033211311062158e-07
1	chr7B	607980816	615486752	2.960619731133096e-07
1	chr7B	615486752	622992688	1.4803098655665479e-08
1	chr7B	622992688	630498624	3.602087339545266e-07
1	chr7B	630498624	638004560	1.1842478924532383e-07
1	chr7B	638004560	645510496	6.908112705977223e-07
1	chr7B	645510496	653016432	1.6941324017039379e-07
1	chr7B	653016432	660522368	4.3257943849333565e-07
1	chr7B	660522368	668028304	0.0
1	chr7B	668028304	675534240	2.516526771463131e-07
1	chr7B	675534240	683040176	9.868732437110317e-08
1	chr7B	683040176	690546112	2.960619731133096e-07
1	chr7B	690546112	698052048	5.756760588314352e-08
1	chr7B	698052048	705557984	7.187726791695348e-07
1	chr7B	705557984	713063920	6.250197210169868e-07
1	chr7B	713063920	720569856	7.417997215227923e-07
1	chr7B	720569856	728075792	1.2829352168243412e-07
1	chr7B	728075792	735581728	6.43112397151689e-07
1	chr7B	735581728	743087664	1.9737464874220635e-07
1	chr7B	743087664	750593600	3.980388749634495e-07
1	chr7D	0	6358468	1.102835726941198e-06
1	chr7D	6358468	12716936	5.37826578103366e-07
1	chr7D	12716936	19075404	4.155050097982683e-07
1	chr7D	19075404	25433872	2.757089317352995e-07
1	chr7D	25433872	31792340	2.1746056587572918e-07
1	chr7D	31792340	38150808	1.8639477075062502e-07
1	chr7D	38150808	44509276	1.7280348538339194e-07
1	chr7D	44509276	50867744	7.766448781276043e-08
1	chr7D	50867744	57226212	6.018997805488932e-08
1	chr7D	57226212	63584680	2.4270152441487636e-07
1	chr7D	63584680	69943148	0.0
1	chr7D	69943148	76301616	0.0
1	chr7D	76301616	82660084	2.1357734148509115e-08
1	chr7D	82660084	89018552	3.883224390638021e-08
1	chr7D	89018552	95377020	0.0
1	chr7D	95377020	101735488	8.931416098467449e-08
1	chr7D	101735488	108093956	0.0
1	chr7D	108093956	114452424	6.601481464084636e-08
1	chr7D	114452424	120810892	4.4657080492337245e-08
1	chr7D	120810892	127169360	0.0
1	chr7D	127169360	133527828	0.0
1	chr7D	133527828	139886296	0.0
1	chr7D	139886296	146244764	7.183965122680339e-08
1	chr7D	146244764	152603232	0.0
1	chr7D	152603232	158961700	0.0
1	chr7D	158961700	165320168	0.0
1	chr7D	165320168	171678636	0.0
1	chr7D	171678636	178037104	0.0
1	chr7D	178037104	184395572	0.0
1	chr7D	184395572	190754040	1.067886707425456e-07
1	chr7D	190754040	197112508	0.0
1	chr7D	197112508	203470976	0.0
1	chr7D	203470976	209829444	5.824836585957032e-08
1	chr7D	209829444	216187912	8.348932439871746e-08
1	chr7D	216187912	222546380	4.854030488297527e-08
1	chr7D	222546380	228904848	1.1649673171914064e-07
1	chr7D	228904848	235263316	0.0
1	chr7D	235263316	241621784	1.281464048910547e-07
1	chr7D	241621784	247980252	6.213159025020834e-08
1	chr7D	247980252	254338720	0.0
1	chr7D	254338720	260697188	0.0
1	chr7D	260697188	267055656	0.0
1	chr7D	267055656	273414124	0.0
1	chr7D	273414124	279772592	0.0
1	chr7D	279772592	286131060	0.0
1	chr7D	286131060	292489528	0.0
1	chr7D	292489528	298847996	0.0
1	chr7D	298847996	305206464	0.0
1	chr7D	305206464	311564932	0.0
1	chr7D	311564932	317923400	0.0
1	chr7D	317923400	324281868	0.0
1	chr7D	324281868	330640336	0.0
1	chr7D	330640336	336998804	0.0
1	chr7D	336998804	343357272	0.0
1	chr7D	343357272	349715740	0.0
1	chr7D	349715740	356074208	0.0
1	chr7D	356074208	362432676	0.0
1	chr7D	362432676	368791144	5.824836585957032e-08
1	chr7D	368791144	375149612	0.0
1	chr7D	375149612	381508080	0.0
1	chr7D	381508080	387866548	0.0
1	chr7D	387866548	394225016	4.271546829701823e-08
1	chr7D	394225016	400583484	0.0
1	chr7D	400583484	406941952	7.766448781276043e-08
1	chr7D	406941952	413300420	4.854030488297527e-08
1	chr7D	413300420	419658888	0.0
1	chr7D	419658888	426017356	0.0
1	chr7D	426017356	432375824	0.0
1	chr7D	432375824	438734292	0.0
1	chr7D	438734292	445092760	0.0
1	chr7D	445092760	451451228	0.0
1	chr7D	451451228	457809696	0.0
1	chr7D	457809696	464168164	5.4365141468932295e-08
1	chr7D	464168164	470526632	7.572287561744142e-08
1	chr7D	470526632	476885100	1.2232156830509766e-07
1	chr7D	476885100	483243568	4.4657080492337245e-08
1	chr7D	483243568	489602036	0.0
1	chr7D	489602036	495960504	6.018997805488932e-08
1	chr7D	495960504	502318972	1.3008801708637373e-07
1	chr7D	502318972	508677440	0.0
1	chr7D	508677440	515035908	0.0
1	chr7D	515035908	521394376	3.261908488135938e-07
1	chr7D	521394376	527752844	1.2426318050041669e-07
1	chr7D	527752844	534111312	5.2423529273613286e-08
1	chr7D	534111312	540469780	1.4367930245360677e-07
1	chr7D	540469780	546828248	2.2522701465700524e-07
1	chr7D	546828248	553186716	3.3589890979018883e-07
1	chr7D	553186716	559545184	2.5823442197742843e-07
1	chr7D	559545184	565903652	5.2423529273613286e-08
1	chr7D	565903652	572262120	0.0
1	chr7D	572262120	578620588	2.6600087075870446e-07
1	chr7D	578620588	584979056	1.6892026099275392e-07
1	chr7D	584979056	591337524	1.5921220001615887e-07
1	chr7D	591337524	597695992	0.0
1	chr7D	597695992	604054460	1.2426318050041669e-07
1	chr7D	604054460	610412928	8.931416098467449e-08
1	chr7D	610412928	616771396	2.5823442197742843e-07
1	chr7D	616771396	623129864	2.8347538051657555e-07
1	chr7D	623129864	629488332	7.766448781276043e-08
1	chr7D	629488332	635846800	4.640453146812436e-07
