Group	Chr	Start	End	Recombination Rate
4	chr1A	0	5935491	5.034520807322676e-07
4	chr1A	5935491	11870982	1.1416866082747482e-06
4	chr1A	11870982	17806473	8.106767756673126e-07
4	chr1A	17806473	23741964	4.737206586417792e-07
4	chr1A	23741964	29677455	7.413034574561735e-07
4	chr1A	29677455	35612946	4.340787625211283e-07
4	chr1A	35612946	41548437	3.2902773780140315e-07
4	chr1A	41548437	47483928	2.0613785982738513e-07
4	chr1A	47483928	53419419	3.7659801314618435e-07
4	chr1A	53419419	59354910	5.153446495684628e-08
4	chr1A	59354910	65290401	5.9462844180976475e-08
4	chr1A	65290401	71225892	6.144493898700902e-08
4	chr1A	71225892	77161383	9.910474030162747e-09
4	chr1A	77161383	83096874	0.0
4	chr1A	83096874	89032365	0.0
4	chr1A	89032365	94967856	5.351655976287883e-08
4	chr1A	94967856	100903347	6.144493898700902e-08
4	chr1A	100903347	106838838	6.937331821113921e-08
4	chr1A	106838838	112774329	8.523007665939961e-08
4	chr1A	112774329	118709820	5.7480749374943925e-08
4	chr1A	118709820	124645311	0.0
4	chr1A	124645311	130580802	9.910474030162747e-09
4	chr1A	130580802	136516293	1.1892568836195295e-08
4	chr1A	136516293	142451784	0.0
4	chr1A	142451784	148387275	5.946284418097648e-09
4	chr1A	148387275	154322766	7.928379224130197e-09
4	chr1A	154322766	160258257	2.576723247842314e-08
4	chr1A	160258257	166193748	1.5856758448260394e-08
4	chr1A	166193748	172129239	0.0
4	chr1A	172129239	178064730	0.0
4	chr1A	178064730	184000221	0.0
4	chr1A	184000221	189935712	9.910474030162747e-09
4	chr1A	189935712	195871203	0.0
4	chr1A	195871203	201806694	0.0
4	chr1A	201806694	207742185	4.757027534478118e-08
4	chr1A	207742185	213677676	3.369561170255334e-08
4	chr1A	213677676	219613167	1.1892568836195295e-07
4	chr1A	219613167	225548658	4.558818053874864e-08
4	chr1A	225548658	231484149	0.0
4	chr1A	231484149	237419640	3.171351689652079e-08
4	chr1A	237419640	243355131	0.0
4	chr1A	243355131	249290622	0.0
4	chr1A	249290622	255226113	1.783885325429294e-08
4	chr1A	255226113	261161604	5.7480749374943925e-08
4	chr1A	261161604	267097095	0.0
4	chr1A	267097095	273032586	0.0
4	chr1A	273032586	278968077	0.0
4	chr1A	278968077	284903568	0.0
4	chr1A	284903568	290839059	0.0
4	chr1A	290839059	296774550	4.955237015081373e-08
4	chr1A	296774550	302710041	4.360608573271608e-08
4	chr1A	302710041	308645532	5.946284418097648e-09
4	chr1A	308645532	314581023	5.351655976287883e-08
4	chr1A	314581023	320516514	0.0
4	chr1A	320516514	326452005	0.0
4	chr1A	326452005	332387496	0.0
4	chr1A	332387496	338322987	2.7749327284455687e-08
4	chr1A	338322987	344258478	1.9820948060325492e-09
4	chr1A	344258478	350193969	1.9820948060325494e-08
4	chr1A	350193969	356129460	4.360608573271608e-08
4	chr1A	356129460	362064951	2.576723247842314e-08
4	chr1A	362064951	368000442	0.0
4	chr1A	368000442	373935933	1.1892568836195295e-07
4	chr1A	373935933	379871424	0.0
4	chr1A	379871424	385806915	5.5498654568911375e-08
4	chr1A	385806915	391742406	5.9462844180976475e-08
4	chr1A	391742406	397677897	1.1892568836195295e-08
4	chr1A	397677897	403613388	0.0
4	chr1A	403613388	409548879	0.0
4	chr1A	409548879	415484370	0.0
4	chr1A	415484370	421419861	0.0
4	chr1A	421419861	427355352	6.739122340510668e-08
4	chr1A	427355352	433290843	0.0
4	chr1A	433290843	439226334	0.0
4	chr1A	439226334	445161825	1.4072873122831097e-07
4	chr1A	445161825	451097316	9.514055068956236e-08
4	chr1A	451097316	457032807	9.315845588352981e-08
4	chr1A	457032807	462968298	2.992963157109149e-07
4	chr1A	462968298	468903789	1.169435935559204e-07
4	chr1A	468903789	474839280	6.124672950640576e-07
4	chr1A	474839280	480774771	3.072246949350451e-07
4	chr1A	480774771	486710262	4.895774170900396e-07
4	chr1A	486710262	492645753	2.9335003129281725e-07
4	chr1A	492645753	498581244	4.43989236551291e-07
4	chr1A	498581244	504516735	8.84014283490517e-07
4	chr1A	504516735	510452226	4.0434734043064005e-07
4	chr1A	510452226	516387717	8.741038094603542e-07
4	chr1A	516387717	522323208	3.052426001290126e-07
4	chr1A	522323208	528258699	1.8037062734896197e-07
4	chr1A	528258699	534194190	7.294108886199782e-07
4	chr1A	534194190	540129681	4.737206586417792e-07
4	chr1A	540129681	546065172	7.670706899345965e-07
4	chr1A	546065172	552000663	9.315845588352981e-08
4	chr1A	552000663	557936154	3.944368664004773e-07
4	chr1A	557936154	563871645	7.928379224130197e-09
4	chr1A	563871645	569807136	2.378513767239059e-07
4	chr1A	569807136	575742627	3.4686659105569607e-07
4	chr1A	575742627	581678118	4.3011457290906323e-07
4	chr1A	581678118	587613609	7.65088595128564e-07
4	chr1A	587613609	593549100	4.65792279417649e-07
4	chr1B	0	6887693	5.824540533212431e-07
4	chr1B	6887693	13775386	5.192552264212842e-07
4	chr1B	13775386	20663079	5.312117612401953e-07
4	chr1B	20663079	27550772	1.0931688977290193e-07
4	chr1B	27550772	34438465	2.6133568961334367e-07
4	chr1B	34438465	41326158	2.1692570314310227e-07
4	chr1B	41326158	48213851	3.501556625538265e-07
4	chr1B	48213851	55101544	3.6894450298354405e-07
4	chr1B	55101544	61989237	1.8788840429717521e-07
4	chr1B	61989237	68876930	1.0248458416209556e-08
4	chr1B	68876930	75764623	3.757768085943504e-08
4	chr1B	75764623	82652316	1.3664611221612741e-08
4	chr1B	82652316	89540009	1.690995638674577e-07
4	chr1B	89540009	96427702	1.4347841782693377e-07
4	chr1B	96427702	103315395	8.198766732967645e-08
4	chr1B	103315395	110203088	1.1956534818911148e-07
4	chr1B	110203088	117090781	3.757768085943504e-08
4	chr1B	117090781	123978474	6.661497970536212e-08
4	chr1B	123978474	130866167	1.0248458416209556e-08
4	chr1B	130866167	137753860	1.3664611221612741e-08
4	chr1B	137753860	144641553	1.7080764027015927e-08
4	chr1B	144641553	151529246	1.400622650215306e-07
4	chr1B	151529246	158416939	1.0590073696749875e-07
4	chr1B	158416939	165304632	2.9037298845927076e-08
4	chr1B	165304632	172192325	1.7080764027015926e-09
4	chr1B	172192325	179080018	5.978267409455574e-08
4	chr1B	179080018	185967711	0.0
4	chr1B	185967711	192855404	5.807459769185415e-08
4	chr1B	192855404	199743097	2.9037298845927076e-08
4	chr1B	199743097	206630790	1.3664611221612741e-08
4	chr1B	206630790	213518483	0.0
4	chr1B	213518483	220406176	2.0496916832419112e-08
4	chr1B	220406176	227293869	0.0
4	chr1B	227293869	234181562	2.9037298845927076e-08
4	chr1B	234181562	241069255	4.6118062872943007e-08
4	chr1B	241069255	247956948	0.0
4	chr1B	247956948	254844641	6.661497970536212e-08
4	chr1B	254844641	261732334	5.636652128915256e-08
4	chr1B	261732334	268620027	0.0
4	chr1B	268620027	275507720	0.0
4	chr1B	275507720	282395413	2.5621146040523894e-08
4	chr1B	282395413	289283106	1.38354188618829e-07
4	chr1B	289283106	296170799	8.711189653778123e-08
4	chr1B	296170799	303058492	1.2127342459181309e-07
4	chr1B	303058492	309946185	6.832305610806371e-08
4	chr1B	309946185	316833878	4.953421567834619e-08
4	chr1B	316833878	323721571	6.490690330266052e-08
4	chr1B	323721571	330609264	3.3478297492951217e-07
4	chr1B	330609264	337496957	9.736035495399078e-08
4	chr1B	337496957	344384650	2.0667724472689274e-07
4	chr1B	344384650	351272343	0.0
4	chr1B	351272343	358160036	0.0
4	chr1B	358160036	365047729	0.0
4	chr1B	365047729	371935422	0.0
4	chr1B	371935422	378823115	0.0
4	chr1B	378823115	385710808	0.0
4	chr1B	385710808	392598501	1.3322995941072423e-07
4	chr1B	392598501	399486194	8.369574373237804e-08
4	chr1B	399486194	406373887	0.0
4	chr1B	406373887	413261580	2.7329222443225482e-08
4	chr1B	413261580	420149273	0.0
4	chr1B	420149273	427036966	0.0
4	chr1B	427036966	433924659	0.0
4	chr1B	433924659	440812352	0.0
4	chr1B	440812352	447700045	1.161491953837083e-07
4	chr1B	447700045	454587738	1.0077650775939396e-07
4	chr1B	454587738	461475431	2.0667724472689274e-07
4	chr1B	461475431	468363124	6.8323056108063704e-09
4	chr1B	468363124	475250817	3.3136682212410896e-07
4	chr1B	475250817	482138510	2.0326109192148952e-07
4	chr1B	482138510	489026203	1.861803278944736e-07
4	chr1B	489026203	495913896	1.3493803581342584e-07
4	chr1B	495913896	502801589	1.3664611221612741e-08
4	chr1B	502801589	509689282	6.490690330266052e-08
4	chr1B	509689282	516576975	1.9130455710257838e-07
4	chr1B	516576975	523464668	1.400622650215306e-07
4	chr1B	523464668	530352361	1.9642878631068314e-07
4	chr1B	530352361	537240054	4.628887051321316e-07
4	chr1B	537240054	544127747	1.3152188300802262e-07
4	chr1B	544127747	551015440	3.3136682212410896e-07
4	chr1B	551015440	557903133	2.0496916832419115e-07
4	chr1B	557903133	564790826	3.8944141981596313e-07
4	chr1B	564790826	571678519	3.8090103780245517e-07
4	chr1B	571678519	578566212	3.672364265808424e-07
4	chr1B	578566212	585453905	2.920810648619724e-07
4	chr1B	585453905	592341598	4.577644759240269e-07
4	chr1B	592341598	599229291	1.9813686271338475e-07
4	chr1B	599229291	606116984	4.5605639952132526e-07
4	chr1B	606116984	613004677	1.5714302904854655e-07
4	chr1B	613004677	619892370	4.3897563549430934e-07
4	chr1B	619892370	626780063	4.15062565856487e-07
4	chr1B	626780063	633667756	5.090067680050747e-07
4	chr1B	633667756	640555449	7.720505340211199e-07
4	chr1B	640555449	647443142	7.771747632292247e-07
4	chr1B	647443142	654330835	3.057456760835851e-07
4	chr1B	654330835	661218528	1.0299700708290603e-06
4	chr1B	661218528	668106221	8.454978193372883e-07
4	chr1B	668106221	674993914	5.090067680050747e-07
4	chr1B	674993914	681881607	7.225163183427738e-07
4	chr1D	0	4951266	3.160213735947415e-07
4	chr1D	4951266	9902532	5.132377195222868e-07
4	chr1D	9902532	14853798	9.052943108240337e-07
4	chr1D	14853798	19805064	2.3523395478104817e-07
4	chr1D	19805064	24756330	1.9484024537420148e-07
4	chr1D	24756330	29707596	1.6870313928741837e-07
4	chr1D	29707596	34658862	2.898842675079583e-07
4	chr1D	34658862	39610128	2.9226036806130227e-07
4	chr1D	39610128	44561394	4.015609935151226e-07
4	chr1D	44561394	49512660	4.4670690402865714e-07
4	chr1D	49512660	54463926	1.1642892711385212e-07
4	chr1D	54463926	59415192	3.445345802348685e-07
4	chr1D	59415192	64366458	1.0692452490047644e-07
4	chr1D	64366458	69317724	8.553961992038115e-08
4	chr1D	69317724	74268990	1.4256603320063525e-08
4	chr1D	74268990	79220256	9.029182102706899e-08
4	chr1D	79220256	84171522	2.0909684869426504e-07
4	chr1D	84171522	89122788	3.017647702746779e-07
4	chr1D	89122788	94074054	6.89069160469737e-08
4	chr1D	94074054	99025320	6.89069160469737e-08
4	chr1D	99025320	103976586	1.0692452490047644e-07
4	chr1D	103976586	108927852	3.5641508300158815e-08
4	chr1D	108927852	113879118	1.829597426074819e-07
4	chr1D	113879118	118830384	3.088930719347097e-08
4	chr1D	118830384	123781650	4.5145910513534494e-08
4	chr1D	123781650	128732916	3.5641508300158815e-08
4	chr1D	128732916	133684182	1.49694334860667e-07
4	chr1D	133684182	138635448	4.5145910513534494e-08
4	chr1D	138635448	143586714	7.841131826034938e-08
4	chr1D	143586714	148537980	0.0
4	chr1D	148537980	153489246	1.1880502766719603e-08
4	chr1D	153489246	158440512	1.0454842434713252e-07
4	chr1D	158440512	163391778	0.0
4	chr1D	163391778	168343044	0.0
4	chr1D	168343044	173294310	1.0454842434713252e-07
4	chr1D	173294310	178245576	7.841131826034938e-08
4	chr1D	178245576	183196842	0.0
4	chr1D	183196842	188148108	0.0
4	chr1D	188148108	193099374	0.0
4	chr1D	193099374	198050640	0.0
4	chr1D	198050640	203001906	9.029182102706899e-08
4	chr1D	203001906	207953172	1.0454842434713252e-07
4	chr1D	207953172	212904438	1.6870313928741837e-07
4	chr1D	212904438	217855704	0.0
4	chr1D	217855704	222806970	0.0
4	chr1D	222806970	227758236	9.742012268710074e-08
4	chr1D	227758236	232709502	3.3265407746814895e-08
4	chr1D	232709502	237660768	6.653081549362979e-08
4	chr1D	237660768	242612034	1.1880502766719603e-08
4	chr1D	242612034	247563300	3.4691068078821244e-07
4	chr1D	247563300	252514566	0.0
4	chr1D	252514566	257465832	1.140528265605082e-07
4	chr1D	257465832	262417098	3.873043901950591e-07
4	chr1D	262417098	267368364	0.0
4	chr1D	267368364	272319630	0.0
4	chr1D	272319630	277270896	2.3761005533439207e-08
4	chr1D	277270896	282222162	0.0
4	chr1D	282222162	287173428	0.0
4	chr1D	287173428	292124694	2.3761005533439207e-08
4	chr1D	292124694	297075960	0.0
4	chr1D	297075960	302027226	2.851320664012705e-08
4	chr1D	302027226	306978492	4.5145910513534494e-08
4	chr1D	306978492	311929758	2.281056531210164e-07
4	chr1D	311929758	316881024	0.0
4	chr1D	316881024	321832290	0.0
4	chr1D	321832290	326783556	1.4018993264729133e-07
4	chr1D	326783556	331734822	0.0
4	chr1D	331734822	336686088	0.0
4	chr1D	336686088	341637354	1.853358431608258e-07
4	chr1D	341637354	346588620	0.0
4	chr1D	346588620	351539886	0.0
4	chr1D	351539886	356491152	8.553961992038115e-08
4	chr1D	356491152	361442418	0.0
4	chr1D	361442418	366393684	3.1126917248805363e-07
4	chr1D	366393684	371344950	0.0
4	chr1D	371344950	376296216	2.4473835699442385e-07
4	chr1D	376296216	381247482	4.752201106687841e-08
4	chr1D	381247482	386198748	0.0
4	chr1D	386198748	391150014	7.128301660031763e-08
4	chr1D	391150014	396101280	2.898842675079583e-07
4	chr1D	396101280	401052546	9.029182102706899e-08
4	chr1D	401052546	406003812	2.7087546308120696e-07
4	chr1D	406003812	410955078	1.9959244648088933e-07
4	chr1D	410955078	415906344	1.6632703873407448e-08
4	chr1D	415906344	420857610	2.542427592077995e-07
4	chr1D	420857610	425808876	1.0930062545382036e-07
4	chr1D	425808876	430760142	2.566188597611434e-07
4	chr1D	430760142	435711408	2.6612326197451916e-07
4	chr1D	435711408	440662674	1.9008804426751365e-07
4	chr1D	440662674	445613940	2.518666586544556e-07
4	chr1D	445613940	450565206	4.752201106687841e-08
4	chr1D	450565206	455516472	0.0
4	chr1D	455516472	460467738	3.754238874283395e-07
4	chr1D	460467738	465419004	3.160213735947415e-07
4	chr1D	465419004	470370270	2.4473835699442385e-07
4	chr1D	470370270	475321536	2.494905581011117e-07
4	chr1D	475321536	480272802	1.259333293272278e-07
4	chr1D	480272802	485224068	3.160213735947415e-07
4	chr1D	485224068	490175334	1.2118112822053995e-07
4	chr2A	0	7807146	9.90043194363969e-07
4	chr2A	7807146	15614292	1.1000479937377433e-07
4	chr2A	15614292	23421438	2.60696305365246e-07
4	chr2A	23421438	31228584	2.6672396560490485e-07
4	chr2A	31228584	39035730	5.334479312098097e-07
4	chr2A	39035730	46842876	3.7070110473902035e-07
4	chr2A	46842876	54650022	3.6165961437953206e-07
4	chr2A	54650022	62457168	2.2754417404712223e-07
4	chr2A	62457168	70264314	2.7576545596439314e-07
4	chr2A	70264314	78071460	1.627468264707894e-07
4	chr2A	78071460	85878606	6.253697498646074e-07
4	chr2A	85878606	93685752	4.0083940593731464e-07
4	chr2A	93685752	101492898	1.9589895778891318e-07
4	chr2A	101492898	109300044	1.175393746733479e-07
4	chr2A	109300044	117107190	1.7028140177036298e-07
4	chr2A	117107190	124914336	9.94563939543713e-08
4	chr2A	124914336	132721482	1.3411544033240978e-07
4	chr2A	132721482	140528628	8.890798853496829e-08
4	chr2A	140528628	148335774	0.0
4	chr2A	148335774	156142920	0.0
4	chr2A	156142920	163950066	8.740107347505357e-08
4	chr2A	163950066	171757212	1.868574674294249e-07
4	chr2A	171757212	179564358	0.0
4	chr2A	179564358	187371504	6.027660239658867e-09
4	chr2A	187371504	195178650	1.2808778009275093e-07
4	chr2A	195178650	202985796	7.082500781599169e-08
4	chr2A	202985796	210792942	8.890798853496829e-08
4	chr2A	210792942	218600088	1.175393746733479e-07
4	chr2A	218600088	226407234	7.534575299573583e-09
4	chr2A	226407234	234214380	9.342873371471244e-08
4	chr2A	234214380	242021526	0.0
4	chr2A	242021526	249828672	0.0
4	chr2A	249828672	257635818	0.0
4	chr2A	257635818	265442964	7.835958311556528e-08
4	chr2A	265442964	273250110	0.0
4	chr2A	273250110	281057256	2.8330003126396676e-07
4	chr2A	281057256	288864402	4.8221281917270937e-08
4	chr2A	288864402	296671548	1.80829807189766e-08
4	chr2A	296671548	304478694	0.0
4	chr2A	304478694	312285840	2.1096810838806033e-08
4	chr2A	312285840	320092986	1.371292704522392e-07
4	chr2A	320092986	327900132	8.890798853496829e-08
4	chr2A	327900132	335707278	5.274202709701508e-08
4	chr2A	335707278	343514424	5.424894215692981e-08
4	chr2A	343514424	351321570	3.164521625820905e-08
4	chr2A	351321570	359128716	0.0
4	chr2A	359128716	366935862	0.0
4	chr2A	366935862	374743008	1.4767767587164224e-07
4	chr2A	374743008	382550154	2.8631386138379618e-08
4	chr2A	382550154	390357300	1.2356703491300678e-07
4	chr2A	390357300	398164446	2.7124471078464904e-08
4	chr2A	398164446	405971592	0.0
4	chr2A	405971592	413778738	4.972819697718565e-08
4	chr2A	413778738	421585884	7.082500781599169e-08
4	chr2A	421585884	429393030	3.0138301198294335e-09
4	chr2A	429393030	437200176	3.465904637803848e-08
4	chr2A	437200176	445007322	3.164521625820905e-08
4	chr2A	445007322	452814468	1.0548405419403017e-08
4	chr2A	452814468	460621614	1.9439204272899846e-07
4	chr2A	460621614	468428760	2.5768247524541657e-07
4	chr2A	468428760	476235906	1.7028140177036298e-07
4	chr2A	476235906	484043052	5.274202709701508e-08
4	chr2A	484043052	491850198	9.644256383454187e-08
4	chr2A	491850198	499657344	9.342873371471244e-08
4	chr2A	499657344	507464490	4.626229233938181e-07
4	chr2A	507464490	515271636	1.3411544033240978e-07
4	chr2A	515271636	523078782	1.1301862949360376e-07
4	chr2A	523078782	530885928	2.2603725898720754e-08
4	chr2A	530885928	538693074	1.0397713913411544e-07
4	chr2A	538693074	546500220	1.1904628973326261e-07
4	chr2A	546500220	554307366	9.342873371471244e-08
4	chr2A	554307366	562114512	1.265808650328362e-07
4	chr2A	562114512	569921658	5.1235112037100365e-08
4	chr2A	569921658	577728804	9.041490359488302e-08
4	chr2A	577728804	585535950	1.0397713913411544e-07
4	chr2A	585535950	593343096	4.2193621677612066e-08
4	chr2A	593343096	601150242	5.7262772276759236e-08
4	chr2A	601150242	608957388	4.023463209972294e-07
4	chr2A	608957388	616764534	0.0
4	chr2A	616764534	624571680	1.7329523189019243e-07
4	chr2A	624571680	632378826	9.493564877462716e-08
4	chr2A	632378826	640185972	1.537053361113011e-07
4	chr2A	640185972	647993118	1.8535055236951018e-07
4	chr2A	647993118	655800264	2.2603725898720754e-08
4	chr2A	655800264	663607410	7.383883793582112e-08
4	chr2A	663607410	671414556	3.767287649786792e-08
4	chr2A	671414556	679221702	6.374250703439251e-07
4	chr2A	679221702	687028848	3.3905588848081124e-07
4	chr2A	687028848	694835994	6.931809275607697e-07
4	chr2A	694835994	702643140	3.1645216258209053e-07
4	chr2A	702643140	710450286	3.902910005179116e-07
4	chr2A	710450286	718257432	6.374250703439251e-07
4	chr2A	718257432	726064578	4.4303302761492674e-07
4	chr2A	726064578	733871724	3.149452475221758e-07
4	chr2A	733871724	741678870	7.760612558560792e-07
4	chr2A	741678870	749486016	6.298904950443516e-07
4	chr2A	749486016	757293162	8.363378582526678e-07
4	chr2A	757293162	765100308	9.011352058290005e-07
4	chr2A	765100308	772907454	2.4562715476609885e-07
4	chr2A	772907454	780714600	7.866096612754822e-07
4	chr2B	0	8012536	7.546997384510237e-07
4	chr2B	8012536	16025072	4.2727164180787526e-07
4	chr2B	16025072	24037608	5.462029235482118e-07
4	chr2B	24037608	32050144	3.171500846408971e-07
4	chr2B	32050144	40062680	2.334577011939937e-07
4	chr2B	40062680	48075216	5.5501264812157e-07
4	chr2B	48075216	56087752	1.600433297493416e-07
4	chr2B	56087752	64100288	1.453604554604112e-07
4	chr2B	64100288	72112824	4.845348515347039e-07
4	chr2B	72112824	80125360	3.9056445608554926e-07
4	chr2B	80125360	88137896	0.0
4	chr2B	88137896	96150432	3.0834036006753886e-07
4	chr2B	96150432	104162968	3.200866594986832e-07
4	chr2B	104162968	112175504	4.83066564105811e-07
4	chr2B	112175504	120188040	1.1746299431144339e-07
4	chr2B	120188040	128200576	2.921891983497154e-07
4	chr2B	128200576	136213112	7.238657024442698e-07
4	chr2B	136213112	144225648	6.093392829906126e-07
4	chr2B	144225648	152238184	4.962811509658483e-07
4	chr2B	152238184	160250720	6.489830435707247e-07
4	chr2B	160250720	168263256	2.9806234806528756e-07
4	chr2B	168263256	176275792	9.250210802026166e-08
4	chr2B	176275792	184288328	4.390179412390196e-07
4	chr2B	184288328	192300864	2.804428989185711e-07
4	chr2B	192300864	200313400	1.04248407451406e-07
4	chr2B	200313400	208325936	4.757251269613457e-07
4	chr2B	208325936	216338472	3.7441329436772576e-07
4	chr2B	216338472	224351008	7.341437144465211e-08
4	chr2B	224351008	232363544	1.4682874288930421e-09
4	chr2B	232363544	240376080	7.268022773020559e-07
4	chr2B	240376080	248388616	3.47984120647651e-07
4	chr2B	248388616	256401152	3.935010309433353e-07
4	chr2B	256401152	264413688	5.57949222979356e-08
4	chr2B	264413688	272426224	2.78974611489678e-08
4	chr2B	272426224	280438760	1.1746299431144337e-08
4	chr2B	280438760	288451296	5.8731497155721685e-09
4	chr2B	288451296	296463832	6.313635944240082e-08
4	chr2B	296463832	304476368	2.9365748577860842e-09
4	chr2B	304476368	312488904	2.9365748577860847e-08
4	chr2B	312488904	320501440	4.992177258236344e-08
4	chr2B	320501440	328513976	5.8731497155721685e-09
4	chr2B	328513976	336526512	0.0
4	chr2B	336526512	344539048	1.1746299431144337e-08
4	chr2B	344539048	352551584	0.0
4	chr2B	352551584	360564120	2.3198941376510068e-07
4	chr2B	360564120	368576656	2.78974611489678e-08
4	chr2B	368576656	376589192	3.0834036006753885e-08
4	chr2B	376589192	384601728	1.3361415602926685e-07
4	chr2B	384601728	392614264	7.781923373133124e-08
4	chr2B	392614264	400626800	9.250210802026166e-08
4	chr2B	400626800	408639336	5.2858347440149525e-08
4	chr2B	408639336	416651872	3.3183295892982757e-07
4	chr2B	416651872	424664408	8.662895830468948e-08
4	chr2B	424664408	432676944	0.0
4	chr2B	432676944	440689480	1.3361415602926685e-07
4	chr2B	440689480	448702016	1.321458686003738e-07
4	chr2B	448702016	456714552	3.0540378520975277e-07
4	chr2B	456714552	464727088	1.292092937425877e-07
4	chr2B	464727088	472739624	0.0
4	chr2B	472739624	480752160	0.0
4	chr2B	480752160	488764696	0.0
4	chr2B	488764696	496777232	0.0
4	chr2B	496777232	504789768	0.0
4	chr2B	504789768	512802304	0.0
4	chr2B	512802304	520814840	1.9087736575609548e-08
4	chr2B	520814840	528827376	1.4682874288930424e-08
4	chr2B	528827376	536839912	1.5270189260487638e-07
4	chr2B	536839912	544852448	1.4682874288930421e-09
4	chr2B	544852448	552864984	3.0834036006753885e-08
4	chr2B	552864984	560877520	4.595739652435222e-07
4	chr2B	560877520	568890056	2.4814057548292415e-07
4	chr2B	568890056	576902592	2.6429173720074762e-08
4	chr2B	576902592	584915128	3.6707185722326055e-08
4	chr2B	584915128	592927664	1.8940907832720247e-07
4	chr2B	592927664	600940200	1.9381394061388155e-07
4	chr2B	600940200	608952736	1.04248407451406e-07
4	chr2B	608952736	616965272	7.194608401575906e-08
4	chr2B	616965272	624977808	6.60729343001869e-08
4	chr2B	624977808	632990344	5.432663486904256e-08
4	chr2B	632990344	641002880	9.837525773583382e-08
4	chr2B	641002880	649015416	9.470453916360123e-07
4	chr2B	649015416	657027952	3.450475457898649e-07
4	chr2B	657027952	665040488	3.435792583609719e-07
4	chr2B	665040488	673053024	2.9512577320750146e-07
4	chr2B	673053024	681065560	2.628234497718546e-07
4	chr2B	681065560	689078096	4.962811509658483e-07
4	chr2B	689078096	697090632	6.064027081328265e-07
4	chr2B	697090632	705103168	3.6854014465215357e-07
4	chr2B	705103168	713115704	3.0834036006753886e-07
4	chr2B	713115704	721128240	3.7294500693883274e-07
4	chr2B	721128240	729140776	4.948128635369552e-07
4	chr2B	729140776	737153312	5.506077858348908e-07
4	chr2B	737153312	745165848	5.5501264812157e-07
4	chr2B	745165848	753178384	1.0821278350941721e-06
4	chr2B	753178384	761190920	2.907209109208224e-07
4	chr2B	761190920	769203456	4.50764240670164e-07
4	chr2B	769203456	777215992	7.385485767332002e-07
4	chr2B	777215992	785228528	3.1127693492532496e-07
4	chr2B	785228528	793241064	1.1291130328187494e-06
4	chr2D	0	6516113	4.02621840929509e-07
4	chr2D	6516113	13032226	5.777533143383089e-07
4	chr2D	13032226	19548339	7.203861638155789e-07
4	chr2D	19548339	26064452	2.7623830341800396e-07
4	chr2D	26064452	32580565	3.159588437787627e-07
4	chr2D	32580565	39096678	1.4263284947727002e-07
4	chr2D	39096678	45612791	8.30520389361319e-08
4	chr2D	45612791	52128904	4.3331498575373175e-08
4	chr2D	52128904	58645017	4.3331498575373175e-08
4	chr2D	58645017	65161130	4.5678621414872547e-07
4	chr2D	65161130	71677243	3.322081557445276e-07
4	chr2D	71677243	78193356	1.299944957261195e-07
4	chr2D	78193356	84709469	1.4534106813823083e-06
4	chr2D	84709469	91225582	0.0
4	chr2D	91225582	97741695	1.1193970465304736e-07
4	chr2D	97741695	104257808	3.791506125345152e-08
4	chr2D	104257808	110773921	3.592903423541359e-07
4	chr2D	110773921	117290034	0.0
4	chr2D	117290034	123806147	0.0
4	chr2D	123806147	130322260	1.1013422554574015e-07
4	chr2D	130322260	136838373	0.0
4	chr2D	136838373	143354486	0.0
4	chr2D	143354486	149870599	0.0
4	chr2D	149870599	156386712	0.0
4	chr2D	156386712	162902825	3.610958214614431e-08
4	chr2D	162902825	169418938	4.3331498575373175e-08
4	chr2D	169418938	175935051	0.0
4	chr2D	175935051	182451164	0.0
4	chr2D	182451164	188967277	0.0
4	chr2D	188967277	195483390	3.249862393152988e-08
4	chr2D	195483390	201999503	0.0
4	chr2D	201999503	208515616	0.0
4	chr2D	208515616	215031729	3.069314482422266e-08
4	chr2D	215031729	221547842	0.0
4	chr2D	221547842	228063955	0.0
4	chr2D	228063955	234580068	0.0
4	chr2D	234580068	241096181	0.0
4	chr2D	241096181	247612294	0.0
4	chr2D	247612294	254128407	0.0
4	chr2D	254128407	260644520	0.0
4	chr2D	260644520	267160633	0.0
4	chr2D	267160633	273676746	1.986027018037937e-08
4	chr2D	273676746	280192859	0.0
4	chr2D	280192859	286708972	5.416437321921647e-09
4	chr2D	286708972	293225085	0.0
4	chr2D	293225085	299741198	3.249862393152988e-08
4	chr2D	299741198	306257311	1.0110683000920407e-07
4	chr2D	306257311	312773424	2.1665749287686587e-08
4	chr2D	312773424	319289537	1.4443832858457724e-08
4	chr2D	319289537	325805650	0.0
4	chr2D	325805650	332321763	0.0
4	chr2D	332321763	338837876	1.986027018037937e-08
4	chr2D	338837876	345353989	0.0
4	chr2D	345353989	351870102	0.0
4	chr2D	351870102	358386215	4.874793589729482e-08
4	chr2D	358386215	364902328	1.516602450138061e-07
4	chr2D	364902328	371418441	6.319176875575254e-08
4	chr2D	371418441	377934554	8.485751804343912e-08
4	chr2D	377934554	384450667	0.0
4	chr2D	384450667	390966780	7.763560161421026e-08
4	chr2D	390966780	397482893	0.0
4	chr2D	397482893	403999006	0.0
4	chr2D	403999006	410515119	0.0
4	chr2D	410515119	417031232	0.0
4	chr2D	417031232	423547345	0.0
4	chr2D	423547345	430063458	6.860820607767419e-08
4	chr2D	430063458	436579571	1.624931196576494e-08
4	chr2D	436579571	443095684	0.0
4	chr2D	443095684	449611797	3.972054036075874e-08
4	chr2D	449611797	456127910	1.9318626448187207e-07
4	chr2D	456127910	462644023	1.8415886894533596e-07
4	chr2D	462644023	469160136	2.8887665716915448e-08
4	chr2D	469160136	475676249	5.416437321921647e-09
4	chr2D	475676249	482192362	0.0
4	chr2D	482192362	488708475	0.0
4	chr2D	488708475	495224588	6.680272697036697e-08
4	chr2D	495224588	501740701	9.749587179458964e-08
4	chr2D	501740701	508256814	7.221916429228862e-08
4	chr2D	508256814	514772927	9.027395536536077e-09
4	chr2D	514772927	521289040	1.2638353751150509e-08
4	chr2D	521289040	527805153	5.416437321921647e-09
4	chr2D	527805153	534321266	0.0
4	chr2D	534321266	540837379	3.1234788556414826e-07
4	chr2D	540837379	547353492	1.2277257929689065e-07
4	chr2D	547353492	553869605	1.5527120322842052e-07
4	chr2D	553869605	560385718	6.319176875575254e-08
4	chr2D	560385718	566901831	0.0
4	chr2D	566901831	573417944	4.6581360968526154e-07
4	chr2D	573417944	579934057	3.917889662856657e-07
4	chr2D	579934057	586450170	4.69424567899876e-08
4	chr2D	586450170	592966283	3.502629468175998e-07
4	chr2D	592966283	599482396	2.672109078814679e-07
4	chr2D	599482396	605998509	2.0401913912571533e-07
4	chr2D	605998509	612514622	2.8887665716915446e-07
4	chr2D	612514622	619030735	1.1374518376035458e-07
4	chr2D	619030735	625546848	4.0623279914412344e-07
4	chr2D	625546848	632062961	6.084464591625316e-07
4	chr2D	632062961	638579074	3.93594445392973e-07
4	chr2D	638579074	645095187	6.138628964844533e-08
4	chr3A	0	7492057	2.025674736355489e-07
4	chr3A	7492057	14984114	6.124132923865432e-07
4	chr3A	14984114	22476171	2.7166025534069736e-07
4	chr3A	22476171	29968228	5.291878962417052e-07
4	chr3A	29968228	37460285	3.4389361803244347e-07
4	chr3A	37460285	44952342	1.9785660215565237e-07
4	chr3A	44952342	52444399	2.873631602736856e-07
4	chr3A	52444399	59936456	3.3447187507265047e-07
4	chr3A	59936456	67428513	2.308327025149278e-07
4	chr3A	67428513	74920570	1.2876382045050393e-07
4	chr3A	74920570	82412627	6.59522007185508e-08
4	chr3A	82412627	89904684	0.0
4	chr3A	89904684	97396741	0.0
4	chr3A	97396741	104888798	6.909278170514845e-08
4	chr3A	104888798	112380855	8.008481515824026e-08
4	chr3A	112380855	119872912	3.7686971839171885e-08
4	chr3A	119872912	127364969	6.752249121184962e-08
4	chr3A	127364969	134857026	7.851452466494142e-08
4	chr3A	134857026	142349083	5.1819586278861336e-08
4	chr3A	142349083	149841140	6.59522007185508e-08
4	chr3A	149841140	157333197	0.0
4	chr3A	157333197	164825254	0.0
4	chr3A	164825254	172317311	0.0
4	chr3A	172317311	179809368	9.107684861133206e-08
4	chr3A	179809368	187301425	0.0
4	chr3A	187301425	194793482	0.0
4	chr3A	194793482	202285539	0.0
4	chr3A	202285539	209777596	0.0
4	chr3A	209777596	217269653	0.0
4	chr3A	217269653	224761710	0.0
4	chr3A	224761710	232253767	0.0
4	chr3A	232253767	239745824	0.0
4	chr3A	239745824	247237881	0.0
4	chr3A	247237881	254729938	0.0
4	chr3A	254729938	262221995	0.0
4	chr3A	262221995	269714052	7.537394367834377e-08
4	chr3A	269714052	277206109	0.0
4	chr3A	277206109	284698166	0.0
4	chr3A	284698166	292190223	1.5702904932988285e-07
4	chr3A	292190223	299682280	0.0
4	chr3A	299682280	307174337	6.752249121184962e-08
4	chr3A	307174337	314666394	0.0
4	chr3A	314666394	322158451	0.0
4	chr3A	322158451	329650508	0.0
4	chr3A	329650508	337142565	0.0
4	chr3A	337142565	344634622	0.0
4	chr3A	344634622	352126679	0.0
4	chr3A	352126679	359618736	0.0
4	chr3A	359618736	367110793	0.0
4	chr3A	367110793	374602850	5.967103874535548e-08
4	chr3A	374602850	382094907	1.428964348901934e-07
4	chr3A	382094907	389586964	0.0
4	chr3A	389586964	397079021	0.0
4	chr3A	397079021	404571078	0.0
4	chr3A	404571078	412063135	0.0
4	chr3A	412063135	419555192	7.694423417164259e-08
4	chr3A	419555192	427047249	4.239784331906837e-08
4	chr3A	427047249	434539306	0.0
4	chr3A	434539306	442031363	4.553842430566603e-08
4	chr3A	442031363	449523420	6.281161973195315e-08
4	chr3A	449523420	457015477	0.0
4	chr3A	457015477	464507534	0.0
4	chr3A	464507534	471999591	3.611668134587305e-08
4	chr3A	471999591	479491648	1.4603701587679107e-07
4	chr3A	479491648	486983705	2.873631602736856e-07
4	chr3A	486983705	494475762	1.1463120601081448e-07
4	chr3A	494475762	501967819	1.9471602116905473e-07
4	chr3A	501967819	509459876	1.7901311623606645e-07
4	chr3A	509459876	516951933	6.830763645849904e-07
4	chr3A	516951933	524443990	5.747263205473712e-07
4	chr3A	524443990	531936047	2.2926241202162895e-07
4	chr3A	531936047	539428104	9.233308100597112e-07
4	chr3A	539428104	546920161	3.014957747133751e-07
4	chr3A	546920161	554412218	0.0
4	chr3A	554412218	561904275	5.888589349870606e-07
4	chr3A	561904275	569396332	3.800102993783165e-07
4	chr3A	569396332	576888389	2.936443222468809e-07
4	chr3A	576888389	584380446	4.867900529226368e-08
4	chr3A	584380446	591872503	5.4960167265459e-08
4	chr3A	591872503	599364560	1.09920334530918e-07
4	chr3A	599364560	606856617	9.107684861133206e-08
4	chr3A	606856617	614348674	0.0
4	chr3A	614348674	621840731	1.4132614439689457e-08
4	chr3A	621840731	629332788	9.578772009122855e-08
4	chr3A	629332788	636824845	1.805834067293653e-07
4	chr3A	636824845	644316902	9.578772009122855e-08
4	chr3A	644316902	651808959	5.8100748252056654e-08
4	chr3A	651808959	659301016	2.936443222468809e-07
4	chr3A	659301016	666793073	4.7108714798964857e-07
4	chr3A	666793073	674285130	2.386841549814219e-07
4	chr3A	674285130	681777187	7.851452466494142e-08
4	chr3A	681777187	689269244	7.60020598756633e-07
4	chr3A	689269244	696761301	3.784400088850177e-07
4	chr3A	696761301	704253358	4.710871479896485e-08
4	chr3A	704253358	711745415	1.6331021130307815e-07
4	chr3A	711745415	719237472	2.4025444547472075e-07
4	chr3A	719237472	726729529	3.4232332753914463e-07
4	chr3A	726729529	734221586	5.386096392014982e-07
4	chr3A	734221586	741713643	2.1355950708864067e-07
4	chr3A	741713643	749205700	9.735801058452737e-08
4	chr3B	0	8295415	8.324938960788793e-07
4	chr3B	8295415	16590830	6.240158675889384e-07
4	chr3B	16590830	24886245	5.332499232123656e-07
4	chr3B	24886245	33181660	2.822253582959063e-07
4	chr3B	33181660	41477075	1.914594139193334e-07
4	chr3B	41477075	49772490	2.169873357752445e-07
4	chr3B	49772490	58067905	2.765524867723705e-07
4	chr3B	58067905	66363320	4.112831854563458e-07
4	chr3B	66363320	74658735	7.105271583228595e-07
4	chr3B	74658735	82954150	4.821940795005434e-08
4	chr3B	82954150	91249565	0.0
4	chr3B	91249565	99544980	4.680119006917039e-08
4	chr3B	99544980	107840395	6.807445828242965e-08
4	chr3B	107840395	116135810	6.09833688780099e-08
4	chr3B	116135810	124431225	1.829501066340297e-07
4	chr3B	124431225	132726640	7.091089404419756e-09
4	chr3B	132726640	141022055	7.80019834486173e-08
4	chr3B	141022055	149317470	1.503310953736988e-07
4	chr3B	149317470	157612885	3.545544702209878e-08
4	chr3B	157612885	165908300	1.276396092795556e-08
4	chr3B	165908300	174203715	2.410970397502717e-08
4	chr3B	174203715	182499130	8.367485497215312e-08
4	chr3B	182499130	190794545	5.672871523535804e-09
4	chr3B	190794545	199089960	1.886229781575655e-07
4	chr3B	199089960	207385375	6.09833688780099e-08
4	chr3B	207385375	215680790	4.821940795005434e-08
4	chr3B	215680790	223976205	1.3473069868397535e-07
4	chr3B	223976205	232271620	5.672871523535805e-08
4	chr3B	232271620	240567035	2.6237030796353094e-07
4	chr3B	240567035	248862450	3.7866417419601494e-07
4	chr3B	248862450	257157865	2.652067437252989e-07
4	chr3B	257157865	265453280	2.2691486094143216e-08
4	chr3B	265453280	273748695	6.09833688780099e-08
4	chr3B	273748695	282044110	6.807445828242965e-08
4	chr3B	282044110	290339525	6.523802252066175e-08
4	chr3B	290339525	298634940	0.0
4	chr3B	298634940	306930355	3.4037229141214824e-08
4	chr3B	306930355	315225770	0.0
4	chr3B	315225770	323521185	4.963762583093828e-08
4	chr3B	323521185	331816600	0.0
4	chr3B	331816600	340112015	8.792950861480496e-08
4	chr3B	340112015	348407430	0.0
4	chr3B	348407430	356702845	0.0
4	chr3B	356702845	364998260	9.076594437657286e-08
4	chr3B	364998260	373293675	1.7018614570607413e-07
4	chr3B	373293675	381589090	7.658376556773335e-08
4	chr3B	381589090	389884505	1.418217880883951e-09
4	chr3B	389884505	398179920	0.0
4	chr3B	398179920	406475335	7.51655476868494e-08
4	chr3B	406475335	414770750	2.694613973679507e-07
4	chr3B	414770750	423066165	2.666249616061828e-07
4	chr3B	423066165	431361580	0.0
4	chr3B	431361580	439656995	6.381980463977779e-08
4	chr3B	439656995	447952410	0.0
4	chr3B	447952410	456247825	3.077532801518174e-07
4	chr3B	456247825	464543240	1.0352990530452844e-07
4	chr3B	464543240	472838655	2.297512967032001e-07
4	chr3B	472838655	481134070	4.283018000269532e-07
4	chr3B	481134070	489429485	2.056415927281729e-07
4	chr3B	489429485	497724900	2.581156543208791e-07
4	chr3B	497724900	506020315	2.2691486094143216e-08
4	chr3B	506020315	514315730	2.694613973679507e-07
4	chr3B	514315730	522611145	2.0705981060905687e-07
4	chr3B	522611145	530906560	1.304760450413235e-07
4	chr3B	530906560	539201975	0.0
4	chr3B	539201975	547497390	1.9004119603844947e-07
4	chr3B	547497390	555792805	3.77245956315131e-07
4	chr3B	555792805	564088220	4.084467496945779e-07
4	chr3B	564088220	572383635	3.233536768415409e-07
4	chr3B	572383635	580679050	3.47463380816568e-07
4	chr3B	580679050	588974465	7.076907225610916e-07
4	chr3B	588974465	597269880	2.524427827973433e-07
4	chr3B	597269880	605565295	3.687366490298273e-07
4	chr3B	605565295	613860710	6.66562404015457e-08
4	chr3B	613860710	622156125	4.112831854563458e-08
4	chr3B	622156125	630451540	1.0211168742364448e-07
4	chr3B	630451540	638746955	0.0
4	chr3B	638746955	647042370	3.4037229141214824e-08
4	chr3B	647042370	655337785	2.7513426889148653e-07
4	chr3B	655337785	663633200	2.524427827973433e-07
4	chr3B	663633200	671928615	4.254653642651853e-08
4	chr3B	671928615	680224030	1.1062099470894818e-07
4	chr3B	680224030	688519445	5.389227947359014e-08
4	chr3B	688519445	696814860	4.084467496945779e-07
4	chr3B	696814860	705110275	3.1484436955623716e-07
4	chr3B	705110275	713405690	7.091089404419756e-08
4	chr3B	713405690	721701105	3.233536768415409e-07
4	chr3B	721701105	729996520	4.595025934064002e-07
4	chr3B	729996520	738291935	5.403410126167853e-07
4	chr3B	738291935	746587350	5.658689344726965e-07
4	chr3B	746587350	754882765	3.361176377694964e-07
4	chr3B	754882765	763178180	3.502998165783359e-07
4	chr3B	763178180	771473595	2.410970397502717e-07
4	chr3B	771473595	779769010	1.5884040265900253e-07
4	chr3B	779769010	788064425	1.9004119603844947e-07
4	chr3B	788064425	796359840	5.531049735447409e-08
4	chr3B	796359840	804655255	2.0422337484728896e-07
4	chr3B	804655255	812950670	3.19099023198889e-07
4	chr3B	812950670	821246085	4.283018000269532e-07
4	chr3B	821246085	829541500	2.8648001193855813e-07
4	chr3D	0	6146373	7.177834319333293e-07
4	chr3D	6146373	12292746	4.670377530446196e-07
4	chr3D	12292746	18439119	1.8375255857493227e-07
4	chr3D	18439119	24585492	1.8183846942311008e-07
4	chr3D	24585492	30731865	1.5886939960124356e-07
4	chr3D	30731865	36878238	0.0
4	chr3D	36878238	43024611	1.7609620196764346e-07
4	chr3D	43024611	49170984	2.373470548259542e-07
4	chr3D	49170984	55317357	0.0
4	chr3D	55317357	61463730	0.0
4	chr3D	61463730	67610103	5.5508585402844126e-08
4	chr3D	67610103	73756476	0.0
4	chr3D	73756476	79902849	0.0
4	chr3D	79902849	86049222	0.0
4	chr3D	86049222	92195595	5.3594496251021916e-08
4	chr3D	92195595	98341968	8.230583352835509e-08
4	chr3D	98341968	104488341	0.0
4	chr3D	104488341	110634714	8.421992268017731e-08
4	chr3D	110634714	116781087	0.0
4	chr3D	116781087	122927460	1.5886939960124356e-07
4	chr3D	122927460	129073833	0.0
4	chr3D	129073833	135220206	7.847765522471067e-08
4	chr3D	135220206	141366579	8.613401183199951e-08
4	chr3D	141366579	147512952	0.0
4	chr3D	147512952	153659325	6.316494201013297e-08
4	chr3D	153659325	159805698	0.0
4	chr3D	159805698	165952071	2.526597680405319e-07
4	chr3D	165952071	172098444	3.4453604732799806e-08
4	chr3D	172098444	178244817	6.125085285831076e-08
4	chr3D	178244817	184391190	0.0
4	chr3D	184391190	190537563	0.0
4	chr3D	190537563	196683936	0.0
4	chr3D	196683936	202830309	8.421992268017731e-08
4	chr3D	202830309	208976682	0.0
4	chr3D	208976682	215123055	0.0
4	chr3D	215123055	221269428	0.0
4	chr3D	221269428	227415801	0.0
4	chr3D	227415801	233562174	0.0
4	chr3D	233562174	239708547	4.2109961340088654e-08
4	chr3D	239708547	245854920	0.0
4	chr3D	245854920	252001293	0.0
4	chr3D	252001293	258147666	0.0
4	chr3D	258147666	264294039	0.0
4	chr3D	264294039	270440412	0.0
4	chr3D	270440412	276586785	8.039174437653287e-08
4	chr3D	276586785	282733158	0.0
4	chr3D	282733158	288879531	0.0
4	chr3D	288879531	295025904	0.0
4	chr3D	295025904	301172277	0.0
4	chr3D	301172277	307318650	0.0
4	chr3D	307318650	313465023	0.0
4	chr3D	313465023	319611396	0.0
4	chr3D	319611396	325757769	7.464947692106625e-08
4	chr3D	325757769	331904142	0.0
4	chr3D	331904142	338050515	0.0
4	chr3D	338050515	344196888	8.421992268017731e-08
4	chr3D	344196888	350343261	0.0
4	chr3D	350343261	356489634	1.3781441893119922e-07
4	chr3D	356489634	362636007	1.914089151822211e-07
4	chr3D	362636007	368782380	5.7422674554666336e-08
4	chr3D	368782380	374928753	8.039174437653287e-08
4	chr3D	374928753	381075126	0.0
4	chr3D	381075126	387221499	5.7422674554666336e-08
4	chr3D	387221499	393367872	5.933676370648855e-08
4	chr3D	393367872	399514245	3.08168353443376e-07
4	chr3D	399514245	405660618	2.8711337277333168e-08
4	chr3D	405660618	411806991	1.0718899250204383e-07
4	chr3D	411806991	417953364	7.656356607288845e-08
4	chr3D	417953364	424099737	2.679724812551096e-07
4	chr3D	424099737	430246110	2.048075392449766e-07
4	chr3D	430246110	436392483	1.4355668638666587e-07
4	chr3D	436392483	442538856	0.0
4	chr3D	442538856	448685229	2.660583921032874e-07
4	chr3D	448685229	454831602	0.0
4	chr3D	454831602	460977975	1.914089151822211e-07
4	chr3D	460977975	467124348	5.3594496251021916e-08
4	chr3D	467124348	473270721	0.0
4	chr3D	473270721	479417094	0.0
4	chr3D	479417094	485563467	0.0
4	chr3D	485563467	491709840	6.890720946559961e-08
4	chr3D	491709840	497856213	0.0
4	chr3D	497856213	504002586	1.9523709348586557e-07
4	chr3D	504002586	510148959	1.1484534910933267e-07
4	chr3D	510148959	516295332	1.914089151822211e-07
4	chr3D	516295332	522441705	7.273538776924403e-08
4	chr3D	522441705	528588078	3.25395155809776e-07
4	chr3D	528588078	534734451	0.0
4	chr3D	534734451	540880824	0.0
4	chr3D	540880824	547027197	7.656356607288845e-08
4	chr3D	547027197	553173570	2.2394843076319875e-07
4	chr3D	553173570	559319943	0.0
4	chr3D	559319943	565466316	7.464947692106625e-08
4	chr3D	565466316	571612689	6.316494201013297e-08
4	chr3D	571612689	577759062	1.3781441893119922e-07
4	chr3D	577759062	583905435	5.933676370648855e-08
4	chr3D	583905435	590051808	0.0
4	chr3D	590051808	596198181	5.282886059029304e-07
4	chr3D	596198181	602344554	3.25395155809776e-07
4	chr3D	602344554	608490927	1.5886939960124356e-07
4	chr4A	0	7445217	3.160339284228503e-07
4	chr4A	7445217	14890434	1.4379543743239687e-07
4	chr4A	14890434	22335651	1.5011611600085388e-07
4	chr4A	22335651	29780868	1.4379543743239687e-07
4	chr4A	29780868	37226085	2.8601070522267953e-07
4	chr4A	37226085	44671302	2.6546849987519427e-07
4	chr4A	44671302	52116519	2.3228493739079496e-07
4	chr4A	52116519	59561736	4.58249196213133e-08
4	chr4A	59561736	67006953	2.2122374989599522e-08
4	chr4A	67006953	74452170	7.110763389514132e-08
4	chr4A	74452170	81897387	3.7924071410742034e-08
4	chr4A	81897387	89342604	0.0
4	chr4A	89342604	96787821	0.0
4	chr4A	96787821	104233038	7.900848210571257e-08
4	chr4A	104233038	111678255	6.478695532668431e-08
4	chr4A	111678255	119123472	9.639034816896935e-08
4	chr4A	119123472	126568689	7.268780353725556e-08
4	chr4A	126568689	134013906	0.0
4	chr4A	134013906	141459123	0.0
4	chr4A	141459123	148904340	7.426797317936982e-08
4	chr4A	148904340	156349557	0.0
4	chr4A	156349557	163794774	0.0
4	chr4A	163794774	171239991	3.4763732126513536e-08
4	chr4A	171239991	178685208	0.0
4	chr4A	178685208	186130425	0.0
4	chr4A	186130425	193575642	3.002322320017078e-08
4	chr4A	193575642	201020859	3.634390176862778e-08
4	chr4A	201020859	208466076	0.0
4	chr4A	208466076	215911293	0.0
4	chr4A	215911293	223356510	2.844305355805653e-08
4	chr4A	223356510	230801727	0.0
4	chr4A	230801727	238246944	0.0
4	chr4A	238246944	245692161	0.0
4	chr4A	245692161	253137378	0.0
4	chr4A	253137378	260582595	0.0
4	chr4A	260582595	268027812	0.0
4	chr4A	268027812	275473029	0.0
4	chr4A	275473029	282918246	3.160339284228503e-08
4	chr4A	282918246	290363463	0.0
4	chr4A	290363463	297808680	0.0
4	chr4A	297808680	305253897	0.0
4	chr4A	305253897	312699114	0.0
4	chr4A	312699114	320144331	9.79705178110836e-08
4	chr4A	320144331	327589548	0.0
4	chr4A	327589548	335034765	0.0
4	chr4A	335034765	342479982	8.690933031628383e-08
4	chr4A	342479982	349925199	0.0
4	chr4A	349925199	357370416	5.846627675822731e-08
4	chr4A	357370416	364815633	0.0
4	chr4A	364815633	372260850	0.0
4	chr4A	372260850	379706067	0.0
4	chr4A	379706067	387151284	0.0
4	chr4A	387151284	394596501	0.0
4	chr4A	394596501	402041718	0.0
4	chr4A	402041718	409486935	0.0
4	chr4A	409486935	416932152	0.0
4	chr4A	416932152	424377369	0.0
4	chr4A	424377369	431822586	0.0
4	chr4A	431822586	439267803	0.0
4	chr4A	439267803	446713020	0.0
4	chr4A	446713020	454158237	1.5801696421142515e-08
4	chr4A	454158237	461603454	0.0
4	chr4A	461603454	469048671	6.16266160424558e-08
4	chr4A	469048671	476493888	3.3183562484399283e-08
4	chr4A	476493888	483939105	1.4379543743239687e-07
4	chr4A	483939105	491384322	0.0
4	chr4A	491384322	498829539	0.0
4	chr4A	498829539	506274756	0.0
4	chr4A	506274756	513719973	0.0
4	chr4A	513719973	521165190	6.636712496879857e-08
4	chr4A	521165190	528610407	0.0
4	chr4A	528610407	536055624	0.0
4	chr4A	536055624	543500841	0.0
4	chr4A	543500841	550946058	1.3747475886393988e-07
4	chr4A	550946058	558391275	0.0
4	chr4A	558391275	565836492	1.3431441957971137e-07
4	chr4A	565836492	573281709	3.950424105285629e-08
4	chr4A	573281709	580726926	5.5305937473998806e-08
4	chr4A	580726926	588172143	3.7924071410742034e-08
4	chr4A	588172143	595617360	2.9391155343325077e-07
4	chr4A	595617360	603062577	5.957239550770727e-07
4	chr4A	603062577	610507794	6.699919282564426e-07
4	chr4A	610507794	617953011	4.3138631229719063e-07
4	chr4A	617953011	625398228	2.6704866951730847e-07
4	chr4A	625398228	632843445	5.056542854765605e-07
4	chr4A	632843445	640288662	1.2641357136914012e-07
4	chr4A	640288662	647733879	1.2799374101125436e-07
4	chr4A	647733879	655179096	2.19643580253881e-07
4	chr4A	655179096	662624313	1.927806963379387e-07
4	chr4A	662624313	670069530	2.8759087486479374e-07
4	chr4A	670069530	677514747	2.19643580253881e-07
4	chr4A	677514747	684959964	9.006966960051233e-08
4	chr4A	684959964	692405181	3.0023223200170776e-07
4	chr4A	692405181	699850398	2.7652968736999403e-07
4	chr4A	699850398	707295615	3.128735891386218e-07
4	chr4A	707295615	714740832	5.293568301082743e-07
4	chr4A	714740832	722186049	6.636712496879857e-08
4	chr4A	722186049	729631266	4.092639373075911e-07
4	chr4A	729631266	737076483	4.076837676654769e-07
4	chr4A	737076483	744521700	6.763126068248996e-07
4	chr4B	0	6731003	6.641786128002198e-07
4	chr4B	6731003	13462006	5.348385671496507e-07
4	chr4B	13462006	20193009	4.649250289601538e-07
4	chr4B	20193009	26924012	1.4681843019794332e-07
4	chr4B	26924012	33655015	1.1360949955793232e-07
4	chr4B	33655015	40386018	1.625489762905801e-07
4	chr4B	40386018	47117021	2.062449376590156e-07
4	chr4B	47117021	53848024	0.0
4	chr4B	53848024	60579027	3.0062821421483635e-07
4	chr4B	60579027	67310030	0.0
4	chr4B	67310030	74041033	0.0
4	chr4B	74041033	80772036	8.564408428213361e-08
4	chr4B	80772036	87503039	1.0836598419372006e-07
4	chr4B	87503039	94234042	1.7478384547374205e-09
4	chr4B	94234042	100965045	0.0
4	chr4B	100965045	107696048	1.1186166110319491e-07
4	chr4B	107696048	114427051	8.214840737265876e-08
4	chr4B	114427051	121158054	0.0
4	chr4B	121158054	127889057	0.0
4	chr4B	127889057	134620060	7.865273046318392e-08
4	chr4B	134620060	141351063	5.418299209686003e-08
4	chr4B	141351063	148082066	5.0687315187385195e-08
4	chr4B	148082066	154813069	6.292218437054714e-08
4	chr4B	154813069	161544072	0.0
4	chr4B	161544072	168275075	6.117434591580972e-08
4	chr4B	168275075	175006078	8.214840737265876e-08
4	chr4B	175006078	181737081	1.3283572256004395e-07
4	chr4B	181737081	188468084	6.117434591580972e-08
4	chr4B	188468084	195199087	0.0
4	chr4B	195199087	201930090	3.670460754948583e-08
4	chr4B	201930090	208661093	0.0
4	chr4B	208661093	215392096	7.515705355370909e-08
4	chr4B	215392096	222123099	0.0
4	chr4B	222123099	228854102	0.0
4	chr4B	228854102	235585105	0.0
4	chr4B	235585105	242316108	7.166137664423424e-08
4	chr4B	242316108	249047111	0.0
4	chr4B	249047111	255778114	4.194812291369809e-08
4	chr4B	255778114	262509117	0.0
4	chr4B	262509117	269240120	0.0
4	chr4B	269240120	275971123	0.0
4	chr4B	275971123	282702126	6.991353818949683e-08
4	chr4B	282702126	289433129	0.0
4	chr4B	289433129	296164132	0.0
4	chr4B	296164132	302895135	0.0
4	chr4B	302895135	309626138	0.0
4	chr4B	309626138	316357141	6.292218437054714e-08
4	chr4B	316357141	323088144	0.0
4	chr4B	323088144	329819147	7.340921509897166e-08
4	chr4B	329819147	336550150	0.0
4	chr4B	336550150	343281153	0.0
4	chr4B	343281153	350012156	0.0
4	chr4B	350012156	356743159	0.0
4	chr4B	356743159	363474162	1.1885301492214458e-07
4	chr4B	363474162	370205165	0.0
4	chr4B	370205165	376936168	7.166137664423424e-08
4	chr4B	376936168	383667171	0.0
4	chr4B	383667171	390398174	7.166137664423424e-08
4	chr4B	390398174	397129177	0.0
4	chr4B	397129177	403860180	1.1885301492214458e-07
4	chr4B	403860180	410591183	9.263543810108328e-08
4	chr4B	410591183	417322186	6.292218437054714e-08
4	chr4B	417322186	424053189	1.3982707637899364e-08
4	chr4B	424053189	430784192	2.8664550657693695e-07
4	chr4B	430784192	437515195	0.0
4	chr4B	437515195	444246198	1.1710517646740717e-07
4	chr4B	444246198	450977201	8.564408428213361e-08
4	chr4B	450977201	457708204	5.5930830551597456e-08
4	chr4B	457708204	464439207	0.0
4	chr4B	464439207	471170210	7.166137664423424e-08
4	chr4B	471170210	477901213	0.0
4	chr4B	477901213	484632216	1.625489762905801e-07
4	chr4B	484632216	491363219	8.739192273687103e-09
4	chr4B	491363219	498094222	8.040056891792135e-08
4	chr4B	498094222	504825225	5.243515364212262e-08
4	chr4B	504825225	511556228	0.0
4	chr4B	511556228	518287231	6.117434591580972e-08
4	chr4B	518287231	525018234	4.5618583668646673e-07
4	chr4B	525018234	531749237	2.639236066653505e-07
4	chr4B	531749237	538480240	1.9750574538532852e-07
4	chr4B	538480240	545211243	5.2435153642122615e-09
4	chr4B	545211243	551942246	1.6604465320005496e-07
4	chr4B	551942246	558673249	2.8314982966746213e-07
4	chr4B	558673249	565404252	7.69048920084465e-08
4	chr4B	565404252	572135255	2.0974061456849048e-07
4	chr4B	572135255	578866258	6.81656997347594e-08
4	chr4B	578866258	585597261	9.613111501055813e-08
4	chr4B	585597261	592328264	8.389624582739618e-08
4	chr4B	592328264	599059267	9.613111501055813e-08
4	chr4B	599059267	605790270	3.5306336785695895e-07
4	chr4B	605790270	612521273	4.876469288717402e-07
4	chr4B	612521273	619252276	2.5168873748218856e-07
4	chr4B	619252276	625983279	3.3733282176432217e-07
4	chr4B	625983279	632714282	7.340921509897166e-08
4	chr4B	632714282	639445285	7.166137664423424e-07
4	chr4B	639445285	646176288	2.0274926074954078e-07
4	chr4B	646176288	652907291	5.138645056928016e-07
4	chr4B	652907291	659638294	6.799091588928565e-07
4	chr4B	659638294	666369297	4.159855522275061e-07
4	chr4B	666369297	673100300	1.8876655311164144e-07
4	chr4D	0	5096668	7.294269626398128e-07
4	chr4D	5096668	10193336	2.354479436369016e-07
4	chr4D	10193336	15290004	3.093139651700472e-07
4	chr4D	15290004	20386672	2.1698143825361522e-07
4	chr4D	20386672	25483340	0.0
4	chr4D	25483340	30580008	1.5696529575793439e-07
4	chr4D	30580008	35676676	0.0
4	chr4D	35676676	40773344	3.4624697593662e-08
4	chr4D	40773344	45870012	0.0
4	chr4D	45870012	50966680	0.0
4	chr4D	50966680	56063348	0.0
4	chr4D	56063348	61160016	4.38579502853052e-08
4	chr4D	61160016	66256684	0.0
4	chr4D	66256684	71353352	0.0
4	chr4D	71353352	76450020	6.9249395187324e-09
4	chr4D	76450020	81546688	0.0
4	chr4D	81546688	86643356	0.0
4	chr4D	86643356	91740024	0.0
4	chr4D	91740024	96836692	0.0
4	chr4D	96836692	101933360	8.0790961051878e-08
4	chr4D	101933360	107030028	2.5391444902018797e-08
4	chr4D	107030028	112126696	0.0
4	chr4D	112126696	117223364	0.0
4	chr4D	117223364	122320032	0.0
4	chr4D	122320032	127416700	0.0
4	chr4D	127416700	132513368	0.0
4	chr4D	132513368	137610036	7.617433470605641e-08
4	chr4D	137610036	142706704	0.0
4	chr4D	142706704	147803372	0.0
4	chr4D	147803372	152900040	0.0
4	chr4D	152900040	157996708	0.0
4	chr4D	157996708	163093376	0.0
4	chr4D	163093376	168190044	0.0
4	chr4D	168190044	173286712	0.0
4	chr4D	173286712	178383380	0.0
4	chr4D	178383380	183480048	0.0
4	chr4D	183480048	188576716	4.84745766311268e-08
4	chr4D	188576716	193673384	0.0
4	chr4D	193673384	198770052	0.0
4	chr4D	198770052	203866720	0.0
4	chr4D	203866720	208963388	8.77159005706104e-08
4	chr4D	208963388	214060056	0.0
4	chr4D	214060056	219156724	7.15577083602348e-08
4	chr4D	219156724	224253392	0.0
4	chr4D	224253392	229350060	0.0
4	chr4D	229350060	234446728	0.0
4	chr4D	234446728	239543396	8.0790961051878e-08
4	chr4D	239543396	244640064	0.0
4	chr4D	244640064	249736732	0.0
4	chr4D	249736732	254833400	0.0
4	chr4D	254833400	259930068	0.0
4	chr4D	259930068	265026736	5.53995161498592e-08
4	chr4D	265026736	270123404	0.0
4	chr4D	270123404	275220072	0.0
4	chr4D	275220072	280316740	0.0
4	chr4D	280316740	285413408	0.0
4	chr4D	285413408	290510076	0.0
4	chr4D	290510076	295606744	7.848264787896719e-08
4	chr4D	295606744	300703412	0.0
4	chr4D	300703412	305800080	0.0
4	chr4D	305800080	310896748	0.0
4	chr4D	310896748	315993416	0.0
4	chr4D	315993416	321090084	0.0
4	chr4D	321090084	326186752	0.0
4	chr4D	326186752	331283420	0.0
4	chr4D	331283420	336380088	3.9241323939483597e-08
4	chr4D	336380088	341476756	8.0790961051878e-08
4	chr4D	341476756	346573424	6.46327688415024e-08
4	chr4D	346573424	351670092	1.03874092780986e-07
4	chr4D	351670092	356766760	0.0
4	chr4D	356766760	361863428	0.0
4	chr4D	361863428	366960096	0.0
4	chr4D	366960096	372056764	0.0
4	chr4D	372056764	377153432	0.0
4	chr4D	377153432	382250100	0.0
4	chr4D	382250100	387346768	0.0
4	chr4D	387346768	392443436	0.0
4	chr4D	392443436	397540104	0.0
4	chr4D	397540104	402636772	4.38579502853052e-08
4	chr4D	402636772	407733440	0.0
4	chr4D	407733440	412830108	0.0
4	chr4D	412830108	417926776	0.0
4	chr4D	417926776	423023444	0.0
4	chr4D	423023444	428120112	0.0
4	chr4D	428120112	433216780	0.0
4	chr4D	433216780	438313448	1.26957224510094e-07
4	chr4D	438313448	443410116	5.0782889804037594e-08
4	chr4D	443410116	448506784	0.0
4	chr4D	448506784	453603452	0.0
4	chr4D	453603452	458700120	1.8697336700577478e-07
4	chr4D	458700120	463796788	8.54075873976996e-08
4	chr4D	463796788	468893456	0.0
4	chr4D	468893456	473990124	4.84745766311268e-08
4	chr4D	473990124	479086792	5.0782889804037594e-08
4	chr4D	479086792	484183460	3.023890256513148e-07
4	chr4D	484183460	489280128	1.84665053832864e-07
4	chr4D	489280128	494376796	0.0
4	chr4D	494376796	499473464	2.07748185561972e-07
4	chr4D	499473464	504570132	2.42372883155634e-07
4	chr5A	0	7084415	6.526339029778331e-07
4	chr5A	7084415	14168830	3.9357311706296803e-07
4	chr5A	14168830	21253245	4.384105607790024e-07
4	chr5A	21253245	28337660	1.0628134806763696e-07
4	chr5A	28337660	35422075	3.968944091900817e-07
4	chr5A	35422075	42506490	1.4945814572011447e-07
4	chr5A	42506490	49590905	1.4779749965655765e-07
4	chr5A	49590905	56675320	5.314067403381848e-08
4	chr5A	56675320	63759735	4.483744371603434e-08
4	chr5A	63759735	70844150	7.472907286005723e-08
4	chr5A	70844150	77928565	1.6606460635568275e-09
4	chr5A	77928565	85012980	0.0
4	chr5A	85012980	92097395	0.0
4	chr5A	92097395	99181810	0.0
4	chr5A	99181810	106266225	0.0
4	chr5A	106266225	113350640	0.0
4	chr5A	113350640	120435055	6.310455041515944e-08
4	chr5A	120435055	127519470	0.0
4	chr5A	127519470	134603885	0.0
4	chr5A	134603885	141688300	0.0
4	chr5A	141688300	148772715	0.0
4	chr5A	148772715	155857130	2.1588398826238757e-08
4	chr5A	155857130	162941545	0.0
4	chr5A	162941545	170025960	0.0
4	chr5A	170025960	177110375	8.303230317784137e-08
4	chr5A	177110375	184194790	0.0
4	chr5A	184194790	191279205	0.0
4	chr5A	191279205	198363620	0.0
4	chr5A	198363620	205448035	0.0
4	chr5A	205448035	212532450	0.0
4	chr5A	212532450	219616865	0.0
4	chr5A	219616865	226701280	0.0
4	chr5A	226701280	233785695	0.0
4	chr5A	233785695	240870110	0.0
4	chr5A	240870110	247954525	0.0
4	chr5A	247954525	255038940	0.0
4	chr5A	255038940	262123355	0.0
4	chr5A	262123355	269207770	0.0
4	chr5A	269207770	276292185	0.0
4	chr5A	276292185	283376600	2.9891629144022896e-08
4	chr5A	283376600	290461015	0.0
4	chr5A	290461015	297545430	0.0
4	chr5A	297545430	304629845	3.321292127113655e-08
4	chr5A	304629845	311714260	0.0
4	chr5A	311714260	318798675	0.0
4	chr5A	318798675	325883090	0.0
4	chr5A	325883090	332967505	4.981938190670482e-08
4	chr5A	332967505	340051920	0.0
4	chr5A	340051920	347136335	3.985550552536386e-08
4	chr5A	347136335	354220750	0.0
4	chr5A	354220750	361305165	0.0
4	chr5A	361305165	368389580	0.0
4	chr5A	368389580	375473995	0.0
4	chr5A	375473995	382558410	2.9891629144022896e-08
4	chr5A	382558410	389642825	3.65342133982502e-08
4	chr5A	389642825	396727240	1.1458457838542108e-07
4	chr5A	396727240	403811655	1.328516850845462e-08
4	chr5A	403811655	410896070	1.2288780870320522e-07
4	chr5A	410896070	417980485	1.9761688156326246e-07
4	chr5A	417980485	425064900	2.7068530835976287e-07
4	chr5A	425064900	432149315	2.490969095335241e-08
4	chr5A	432149315	439233730	6.144390435160262e-07
4	chr5A	439233730	446318145	7.722004195539247e-07
4	chr5A	446318145	453402560	4.633202517323548e-07
4	chr5A	453402560	460486975	2.142233421988307e-07
4	chr5A	460486975	467571390	4.483744371603434e-08
4	chr5A	467571390	474655805	2.8230983080466063e-08
4	chr5A	474655805	481740220	5.131396336390597e-07
4	chr5A	481740220	488824635	6.991319927574243e-07
4	chr5A	488824635	495909050	3.288079205842518e-07
4	chr5A	495909050	502993465	1.1292393232186425e-07
4	chr5A	502993465	510077880	2.2086592645305805e-07
4	chr5A	510077880	517162295	6.476519647871627e-08
4	chr5A	517162295	524246710	2.2916915677084216e-07
4	chr5A	524246710	531331125	5.978325828804579e-08
4	chr5A	531331125	538415540	3.088801678215699e-07
4	chr5A	538415540	545499955	3.8360924068162713e-07
4	chr5A	545499955	552584370	5.048364033212755e-07
4	chr5A	552584370	559668785	1.5610072997434176e-07
4	chr5A	559668785	566753200	2.192052803895012e-07
4	chr5A	566753200	573837615	5.762441840542191e-07
4	chr5A	573837615	580922030	1.8931365124547833e-07
4	chr5A	580922030	588006445	1.7934977486413735e-07
4	chr5A	588006445	595090860	1.0129940987696646e-07
4	chr5A	595090860	602175275	9.13355334956255e-08
4	chr5A	602175275	609259690	1.7934977486413735e-07
4	chr5A	609259690	616344105	5.314067403381848e-07
4	chr5A	616344105	623428520	3.5537825760116107e-07
4	chr5A	623428520	630512935	0.0
4	chr5A	630512935	637597350	1.2288780870320522e-07
4	chr5A	637597350	644681765	7.140778073294357e-08
4	chr5A	644681765	651766180	2.1588398826238755e-07
4	chr5A	651766180	658850595	3.3877179696559274e-07
4	chr5A	658850595	665935010	3.7198471823672934e-07
4	chr5A	665935010	673019425	2.0093817369037612e-07
4	chr5A	673019425	680103840	2.0259881975393291e-07
4	chr5A	680103840	687188255	3.7364536430028613e-07
4	chr5A	687188255	694272670	3.968944091900817e-07
4	chr5A	694272670	701357085	5.015151111941619e-07
4	chr5B	0	7129071	1.2706877978086859e-07
4	chr5B	7129071	14258142	3.6800438819654144e-07
4	chr5B	14258142	21387213	3.46551217584187e-07
4	chr5B	21387213	28516284	4.835214607246038e-07
4	chr5B	28516284	35645355	3.2344780307857456e-07
4	chr5B	35645355	42774426	2.9374341299992994e-07
4	chr5B	42774426	49903497	1.336697553539007e-07
4	chr5B	49903497	57032568	1.4687170649996497e-07
4	chr5B	57032568	64161639	9.9014633595482e-08
4	chr5B	64161639	71290710	3.878073149156378e-07
4	chr5B	71290710	78419781	1.0231512138199807e-07
4	chr5B	78419781	85548852	2.4093560841567283e-07
4	chr5B	85548852	92677923	4.290634122470887e-08
4	chr5B	92677923	99806994	0.0
4	chr5B	99806994	106936065	6.93102435168374e-08
4	chr5B	106936065	114065136	0.0
4	chr5B	114065136	121194207	2.1453170612354433e-07
4	chr5B	121194207	128323278	0.0
4	chr5B	128323278	135452349	3.46551217584187e-08
4	chr5B	135452349	142581420	5.1157560690999035e-08
4	chr5B	142581420	149710491	0.0
4	chr5B	149710491	156839562	0.0
4	chr5B	156839562	163968633	0.0
4	chr5B	163968633	171097704	0.0
4	chr5B	171097704	178226775	0.0
4	chr5B	178226775	185355846	0.0
4	chr5B	185355846	192484917	3.96058534381928e-08
4	chr5B	192484917	199613988	5.775853626403117e-08
4	chr5B	199613988	206743059	3.3004877865160666e-09
4	chr5B	206743059	213872130	0.0
4	chr5B	213872130	221001201	0.0
4	chr5B	221001201	228130272	0.0
4	chr5B	228130272	235259343	0.0
4	chr5B	235259343	242388414	0.0
4	chr5B	242388414	249517485	4.4556585117966904e-08
4	chr5B	249517485	256646556	1.6502438932580333e-09
4	chr5B	256646556	263775627	0.0
4	chr5B	263775627	270904698	7.591121908986953e-08
4	chr5B	270904698	278033769	0.0
4	chr5B	278033769	285162840	1.1221658474154627e-07
4	chr5B	285162840	292291911	4.6206829011224933e-08
4	chr5B	292291911	299420982	1.0231512138199807e-07
4	chr5B	299420982	306550053	0.0
4	chr5B	306550053	313679124	1.0726585306177217e-07
4	chr5B	313679124	320808195	0.0
4	chr5B	320808195	327937266	7.261073130335347e-08
4	chr5B	327937266	335066337	2.4918682788196305e-07
4	chr5B	335066337	342195408	1.5512292596625514e-07
4	chr5B	342195408	349324479	3.3004877865160666e-09
4	chr5B	349324479	356453550	3.217975591853165e-07
4	chr5B	356453550	363582621	1.2706877978086859e-07
4	chr5B	363582621	370711692	5.1157560690999035e-08
4	chr5B	370711692	377840763	7.426097519661151e-08
4	chr5B	377840763	384969834	4.9507316797741e-08
4	chr5B	384969834	392098905	1.5677316985951316e-07
4	chr5B	392098905	399227976	2.425858523089309e-07
4	chr5B	399227976	406357047	2.920931691066719e-07
4	chr5B	406357047	413486118	2.0793073055051221e-07
4	chr5B	413486118	420615189	1.1056634084828824e-07
4	chr5B	420615189	427744260	2.904429252134139e-07
4	chr5B	427744260	434873331	4.5876780232573324e-07
4	chr5B	434873331	442002402	3.217975591853165e-07
4	chr5B	442002402	449131473	1.2541853588761054e-07
4	chr5B	449131473	456260544	1.435712187134489e-07
4	chr5B	456260544	463389615	5.924375576796339e-07
4	chr5B	463389615	470518686	3.8450682712912173e-07
4	chr5B	470518686	477647757	4.96723411870668e-07
4	chr5B	477647757	484776828	1.6172390153928728e-07
4	chr5B	484776828	491905899	4.983736557639261e-07
4	chr5B	491905899	499034970	3.46551217584187e-08
4	chr5B	499034970	506164041	5.94087801572892e-08
4	chr5B	506164041	513293112	1.188175603145784e-07
4	chr5B	513293112	520422183	5.627331676009893e-07
4	chr5B	520422183	527551254	9.010331657188862e-07
4	chr5B	527551254	534680325	3.416004859044129e-07
4	chr5B	534680325	541809396	2.805414618538657e-07
4	chr5B	541809396	548938467	5.099253630167323e-07
4	chr5B	548938467	556067538	1.240983407730041e-06
4	chr5B	556067538	563196609	1.584234137527712e-07
4	chr5B	563196609	570325680	5.94087801572892e-08
4	chr5B	570325680	577454751	4.47216095072927e-07
4	chr5B	577454751	584583822	3.4820146147744506e-07
4	chr5B	584583822	591712893	7.327082886065667e-07
4	chr5B	591712893	598841964	3.911078027021539e-07
4	chr5B	598841964	605971035	1.7657609657860957e-07
4	chr5B	605971035	613100106	1.3531999924715873e-07
4	chr5B	613100106	620229177	1.0726585306177217e-07
4	chr5B	620229177	627358248	4.208121927807985e-07
4	chr5B	627358248	634487319	5.44580484775151e-08
4	chr5B	634487319	641616390	6.749497523425356e-07
4	chr5B	641616390	648745461	2.887926813201558e-07
4	chr5B	648745461	655874532	1.8647755993815776e-07
4	chr5B	655874532	663003603	4.406151194998949e-07
4	chr5B	663003603	670132674	7.013536546346642e-07
4	chr5B	670132674	677261745	1.732756087920935e-07
4	chr5B	677261745	684390816	8.333731660953069e-07
4	chr5B	684390816	691519887	4.2906341224708866e-07
4	chr5B	691519887	698648958	9.736438970222397e-07
4	chr5B	698648958	705778029	5.214770702695385e-07
4	chr5B	705778029	712907100	5.577824359212152e-07
4	chr5D	0	5657192	9.358207476533982e-08
4	chr5D	5657192	11314384	2.3291538608262358e-07
4	chr5D	11314384	16971576	8.734326978098383e-08
4	chr5D	16971576	22628768	1.3101490467147577e-07
4	chr5D	22628768	28285960	8.110446479662785e-08
4	chr5D	28285960	33943152	1.4349251464018775e-07
4	chr5D	33943152	39600344	0.0
4	chr5D	39600344	45257536	1.850845478692277e-07
4	chr5D	45257536	50914728	0.0
4	chr5D	50914728	56571920	4.575123655194392e-08
4	chr5D	56571920	62229112	3.597710874311954e-07
4	chr5D	62229112	67886304	0.0
4	chr5D	67886304	73543496	2.121193694681036e-07
4	chr5D	73543496	79200688	1.3517410799437976e-07
4	chr5D	79200688	84857880	0.0
4	chr5D	84857880	90515072	0.0
4	chr5D	90515072	96172264	8.110446479662785e-08
4	chr5D	96172264	101829456	0.0
4	chr5D	101829456	107486648	0.0
4	chr5D	107486648	113143840	2.4955219937423954e-08
4	chr5D	113143840	118801032	1.8716414953067966e-08
4	chr5D	118801032	124458224	0.0
4	chr5D	124458224	130115416	0.0
4	chr5D	130115416	135772608	4.783083821339591e-08
4	chr5D	135772608	141429800	0.0
4	chr5D	141429800	147086992	0.0
4	chr5D	147086992	152744184	0.0
4	chr5D	152744184	158401376	2.9114423260327947e-08
4	chr5D	158401376	164058568	0.0
4	chr5D	164058568	169715760	4.3671634890491916e-08
4	chr5D	169715760	175372952	0.0
4	chr5D	175372952	181030144	7.486565981227186e-08
4	chr5D	181030144	186687336	0.0
4	chr5D	186687336	192344528	1.122984897184078e-07
4	chr5D	192344528	198001720	0.0
4	chr5D	198001720	203658912	0.0
4	chr5D	203658912	209316104	0.0
4	chr5D	209316104	214973296	0.0
4	chr5D	214973296	220630488	0.0
4	chr5D	220630488	226287680	7.278605815081987e-08
4	chr5D	226287680	231944872	2.287561827597196e-08
4	chr5D	231944872	237602064	0.0
4	chr5D	237602064	243259256	8.318406645807985e-08
4	chr5D	243259256	248916448	0.0
4	chr5D	248916448	254573640	7.694526147372386e-08
4	chr5D	254573640	260230832	5.8228846520655895e-08
4	chr5D	260230832	265888024	0.0
4	chr5D	265888024	271545216	0.0
4	chr5D	271545216	277202408	8.734326978098383e-08
4	chr5D	277202408	282859600	7.278605815081987e-08
4	chr5D	282859600	288516792	0.0
4	chr5D	288516792	294173984	0.0
4	chr5D	294173984	299831176	0.0
4	chr5D	299831176	305488368	9.358207476533982e-08
4	chr5D	305488368	311145560	0.0
4	chr5D	311145560	316802752	0.0
4	chr5D	316802752	322459944	0.0
4	chr5D	322459944	328117136	6.654725316646388e-08
4	chr5D	328117136	333774328	0.0
4	chr5D	333774328	339431520	0.0
4	chr5D	339431520	345088712	8.942287144243583e-08
4	chr5D	345088712	350745904	9.566167642679182e-08
4	chr5D	350745904	356403096	6.030844818210789e-08
4	chr5D	356403096	362060288	7.694526147372386e-08
4	chr5D	362060288	367717480	8.318406645807985e-08
4	chr5D	367717480	373374672	2.225173777753636e-07
4	chr5D	373374672	379031864	0.0
4	chr5D	379031864	384689056	3.431342741395794e-07
4	chr5D	384689056	390346248	2.308357844211716e-07
4	chr5D	390346248	396003440	1.8924375119213163e-07
4	chr5D	396003440	401660632	2.225173777753636e-07
4	chr5D	401660632	407317824	1.0398008307259981e-07
4	chr5D	407317824	412975016	1.081392863955038e-07
4	chr5D	412975016	418632208	0.0
4	chr5D	418632208	424289400	1.7468653956196766e-07
4	chr5D	424289400	429946592	1.3101490467147577e-07
4	chr5D	429946592	435603784	1.559701246088997e-07
4	chr5D	435603784	441260976	4.346367472434672e-07
4	chr5D	441260976	446918168	2.5371140269714355e-07
4	chr5D	446918168	452575360	3.410546724781274e-07
4	chr5D	452575360	458232552	2.474725977127875e-07
4	chr5D	458232552	463889744	6.446765150501188e-08
4	chr5D	463889744	469546936	1.5804972627035172e-07
4	chr5D	469546936	475204128	9.982087974969581e-08
4	chr5D	475204128	480861320	1.060596847340518e-07
4	chr5D	480861320	486518512	2.121193694681036e-07
4	chr5D	486518512	492175704	8.110446479662785e-08
4	chr5D	492175704	497832896	1.4765171796309172e-07
4	chr5D	497832896	503490088	7.902486313517586e-08
4	chr5D	503490088	509147280	6.030844818210789e-08
4	chr5D	509147280	514804472	1.663681329161597e-07
4	chr5D	514804472	520461664	1.4765171796309172e-07
4	chr5D	520461664	526118856	1.4349251464018775e-07
4	chr5D	526118856	531776048	2.2875618275971959e-07
4	chr5D	531776048	537433240	1.7468653956196766e-07
4	chr5D	537433240	543090432	5.71890456899299e-07
4	chr5D	543090432	548747624	5.76049660222203e-07
4	chr5D	548747624	554404816	9.94049594174054e-07
4	chr5D	554404816	560062008	2.765870209731155e-07
4	chr5D	560062008	565719200	7.694526147372385e-07
4	chr6A	0	6170559	6.024814054648095e-07
4	chr6A	6170559	12341118	5.357508700494034e-07
4	chr6A	12341118	18511677	4.976191355263142e-07
4	chr6A	18511677	24682236	5.395640435017122e-07
4	chr6A	24682236	30852795	4.842730284432329e-07
4	chr6A	30852795	37023354	1.6205987172312914e-07
4	chr6A	37023354	43193913	2.173508867816085e-07
4	chr6A	43193913	49364472	2.3260358059084415e-07
4	chr6A	49364472	55535031	6.215472727263541e-07
4	chr6A	55535031	61705590	4.041963859447456e-07
4	chr6A	61705590	67876149	2.3832334076930756e-07
4	chr6A	67876149	74046708	4.0228979921859114e-07
4	chr6A	74046708	80217267	1.7349939208005592e-07
4	chr6A	80217267	86387826	1.69686218627747e-07
4	chr6A	86387826	92558385	4.6711374790784286e-07
4	chr6A	92558385	98728944	2.917077691016325e-07
4	chr6A	98728944	104899503	4.232622532062902e-07
4	chr6A	104899503	111070062	5.605364974894113e-07
4	chr6A	111070062	117240621	6.463329001663621e-07
4	chr6A	117240621	123411180	0.0
4	chr6A	123411180	129581739	0.0
4	chr6A	129581739	135752298	0.0
4	chr6A	135752298	141922857	0.0
4	chr6A	141922857	148093416	6.673053541540612e-08
4	chr6A	148093416	154263975	8.388981595079625e-08
4	chr6A	154263975	160434534	4.957125488001597e-08
4	chr6A	160434534	166605093	0.0
4	chr6A	166605093	172775652	0.0
4	chr6A	172775652	178946211	0.0
4	chr6A	178946211	185116770	6.863712214156058e-08
4	chr6A	185116770	191287329	0.0
4	chr6A	191287329	197457888	4.957125488001597e-08
4	chr6A	197457888	203628447	0.0
4	chr6A	203628447	209799006	0.0
4	chr6A	209799006	215969565	7.435688232002395e-08
4	chr6A	215969565	222140124	0.0
4	chr6A	222140124	228310683	0.0
4	chr6A	228310683	234481242	5.147784160617043e-08
4	chr6A	234481242	240651801	0.0
4	chr6A	240651801	246822360	0.0
4	chr6A	246822360	252992919	0.0
4	chr6A	252992919	259163478	0.0
4	chr6A	259163478	265334037	0.0
4	chr6A	265334037	271504596	0.0
4	chr6A	271504596	277675155	0.0
4	chr6A	277675155	283845714	0.0
4	chr6A	283845714	290016273	0.0
4	chr6A	290016273	296186832	0.0
4	chr6A	296186832	302357391	0.0
4	chr6A	302357391	308527950	0.0
4	chr6A	308527950	314698509	0.0
4	chr6A	314698509	320869068	0.0
4	chr6A	320869068	327039627	0.0
4	chr6A	327039627	333210186	0.0
4	chr6A	333210186	339380745	0.0
4	chr6A	339380745	345551304	0.0
4	chr6A	345551304	351721863	0.0
4	chr6A	351721863	357892422	0.0
4	chr6A	357892422	364062981	0.0
4	chr6A	364062981	370233540	0.0
4	chr6A	370233540	376404099	0.0
4	chr6A	376404099	382574658	0.0
4	chr6A	382574658	388745217	0.0
4	chr6A	388745217	394915776	0.0
4	chr6A	394915776	401086335	6.101077523694273e-08
4	chr6A	401086335	407256894	9.151616285541409e-08
4	chr6A	407256894	413427453	1.544335248185113e-07
4	chr6A	413427453	419598012	1.4680717791389345e-07
4	chr6A	419598012	425768571	2.497628611262343e-07
4	chr6A	425768571	431939130	8.388981595079625e-08
4	chr6A	431939130	438109689	7.626346904617841e-09
4	chr6A	438109689	444280248	1.3536765755696667e-07
4	chr6A	444280248	450450807	2.6501555493547e-07
4	chr6A	450450807	456621366	6.101077523694273e-08
4	chr6A	456621366	462791925	7.245029559386949e-08
4	chr6A	462791925	468962484	0.0
4	chr6A	468962484	475133043	0.0
4	chr6A	475133043	481303602	0.0
4	chr6A	481303602	487474161	6.482394868925166e-08
4	chr6A	487474161	493644720	2.8598800892316906e-08
4	chr6A	493644720	499815279	3.260263301724127e-07
4	chr6A	499815279	505985838	8.198322922464179e-08
4	chr6A	505985838	512156397	0.0
4	chr6A	512156397	518326956	1.5062035136620237e-07
4	chr6A	518326956	524497515	7.245029559386949e-08
4	chr6A	524497515	530668074	6.673053541540612e-08
4	chr6A	530668074	536838633	5.338442833232489e-08
4	chr6A	536838633	543009192	8.388981595079625e-08
4	chr6A	543009192	549179751	5.586299107632568e-07
4	chr6A	549179751	555350310	3.755975850524287e-07
4	chr6A	555350310	561520869	2.5357603457854323e-07
4	chr6A	561520869	567691428	6.348933798094353e-07
4	chr6A	567691428	573861987	3.2793291689856716e-07
4	chr6A	573861987	580032546	5.338442833232489e-08
4	chr6A	580032546	586203105	8.522442665910437e-07
4	chr6A	586203105	592373664	6.863712214156058e-08
4	chr6A	592373664	598544223	9.380406692679945e-07
4	chr6A	598544223	604714782	5.986682320125006e-07
4	chr6A	604714782	610885341	1.4280334578896909e-06
4	chr6B	0	7209859	5.906944268135847e-07
4	chr6B	7209859	14419718	1.8765154442972994e-07
4	chr6B	14419718	21629577	1.5827999834507654e-07
4	chr6B	21629577	28839436	3.165599966901531e-07
4	chr6B	28839436	36049295	6.037484472956529e-08
4	chr6B	36049295	43259154	1.7133401882714472e-07
4	chr6B	43259154	50469013	4.895257680775564e-08
4	chr6B	50469013	57678872	1.8928329698998845e-07
4	chr6B	57678872	64888731	4.4057319126980073e-08
4	chr6B	64888731	72098590	1.321719573809402e-07
4	chr6B	72098590	79308449	8.974639081421867e-08
4	chr6B	79308449	86518308	4.732082424749711e-08
4	chr6B	86518308	93728167	6.853360753085789e-08
4	chr6B	93728167	100938026	4.895257680775564e-09
4	chr6B	100938026	108147885	0.0
4	chr6B	108147885	115357744	7.669237033215049e-08
4	chr6B	115357744	122567603	4.25887418227474e-07
4	chr6B	122567603	129777462	5.35214839764795e-07
4	chr6B	129777462	136987321	3.394045325337724e-07
4	chr6B	136987321	144197180	4.797352527160052e-07
4	chr6B	144197180	151407039	5.450053551263461e-07
4	chr6B	151407039	158616898	6.23329478018755e-07
4	chr6B	158616898	165826757	2.643439147618804e-07
4	chr6B	165826757	173036616	2.2844535843619296e-07
4	chr6B	173036616	180246475	1.4359422530274986e-07
4	chr6B	180246475	187456334	3.0676948132860194e-07
4	chr6B	187456334	194666193	3.4103628509403094e-07
4	chr6B	194666193	201876052	3.1003298644911906e-07
4	chr6B	201876052	209085911	8.648288569370163e-08
4	chr6B	209085911	216295770	5.874309216930676e-08
4	chr6B	216295770	223505629	1.7949278162843733e-07
4	chr6B	223505629	230715488	2.0396907003231516e-07
4	chr6B	230715488	237925347	3.263505120517042e-07
4	chr6B	237925347	245135206	1.305402048206817e-08
4	chr6B	245135206	252345065	8.811463825396015e-08
4	chr6B	252345065	259554924	4.895257680775564e-08
4	chr6B	259554924	266764783	1.9581030723102255e-08
4	chr6B	266764783	273974642	0.0
4	chr6B	273974642	281184501	2.1212783283360774e-08
4	chr6B	281184501	288394360	0.0
4	chr6B	288394360	295604219	1.6317525602585213e-09
4	chr6B	295604219	302814078	0.0
4	chr6B	302814078	310023937	7.669237033215049e-08
4	chr6B	310023937	317233796	0.0
4	chr6B	317233796	324443655	0.0
4	chr6B	324443655	331653514	0.0
4	chr6B	331653514	338863373	7.179711265137493e-08
4	chr6B	338863373	346073232	1.0280041129628682e-07
4	chr6B	346073232	353283091	8.158762801292606e-08
4	chr6B	353283091	360492950	8.321938057318458e-08
4	chr6B	360492950	367702809	6.20065972898238e-08
4	chr6B	367702809	374912668	0.0
4	chr6B	374912668	382122527	0.0
4	chr6B	382122527	389332386	5.874309216930676e-08
4	chr6B	389332386	396542245	1.1095917409757943e-07
4	chr6B	396542245	403752104	0.0
4	chr6B	403752104	410961963	0.0
4	chr6B	410961963	418171822	4.4057319126980073e-08
4	chr6B	418171822	425381681	0.0
4	chr6B	425381681	432591540	0.0
4	chr6B	432591540	439801399	1.778610290681788e-07
4	chr6B	439801399	447011258	1.3543546250145725e-07
4	chr6B	447011258	454221117	2.072325751528322e-07
4	chr6B	454221117	461430976	3.6388082093765024e-07
4	chr6B	461430976	468640835	3.0676948132860194e-07
4	chr6B	468640835	475850694	1.1911793689887204e-06
4	chr6B	475850694	483060553	1.6807051370662768e-07
4	chr6B	483060553	490270412	1.1911793689887204e-07
4	chr6B	490270412	497480271	6.037484472956529e-08
4	chr6B	497480271	504690130	0.0
4	chr6B	504690130	511899989	0.0
4	chr6B	511899989	519109848	1.778610290681788e-07
4	chr6B	519109848	526319707	2.643439147618804e-07
4	chr6B	526319707	533529566	4.275191707877325e-07
4	chr6B	533529566	540739425	9.627340105525276e-08
4	chr6B	540739425	547949284	7.179711265137493e-08
4	chr6B	547949284	555159143	2.643439147618804e-07
4	chr6B	555159143	562369002	3.6061731581713317e-07
4	chr6B	562369002	569578861	2.7902968780420713e-07
4	chr6B	569578861	576788720	6.249612305790136e-07
4	chr6B	576788720	583998579	7.718189610022806e-07
4	chr6B	583998579	591208438	1.5338474066430097e-07
4	chr6B	591208438	598418297	2.431311314785196e-07
4	chr6B	598418297	605628156	8.48511331334431e-08
4	chr6B	605628156	612838015	1.4196247274249135e-07
4	chr6B	612838015	620047874	1.321719573809402e-07
4	chr6B	620047874	627257733	8.48511331334431e-08
4	chr6B	627257733	634467592	9.464164849499422e-08
4	chr6B	634467592	641677451	1.386989676219743e-07
4	chr6B	641677451	648887310	2.610804096413634e-07
4	chr6B	648887310	656097169	2.0560082259257364e-07
4	chr6B	656097169	663307028	6.037484472956529e-08
4	chr6B	663307028	670516887	2.1212783283360777e-07
4	chr6B	670516887	677726746	7.506061777189198e-08
4	chr6B	677726746	684936605	4.0467463494411326e-07
4	chr6B	684936605	692146464	2.904519557260167e-07
4	chr6B	692146464	699356323	5.645863858494483e-07
4	chr6B	699356323	706566182	5.286878295237608e-07
4	chr6B	706566182	713776041	7.506061777189198e-07
4	chr6D	0	4734187	6.063529461962778e-07
4	chr6D	4734187	9468374	4.970106116362932e-07
4	chr6D	9468374	14202561	1.764387671308841e-07
4	chr6D	14202561	18936748	2.9820636698177595e-07
4	chr6D	18936748	23670935	2.2365477523633196e-07
4	chr6D	23670935	28405122	3.951234362508532e-07
4	chr6D	28405122	33139309	0.0
4	chr6D	33139309	37873496	0.0
4	chr6D	37873496	42607683	0.0
4	chr6D	42607683	47341870	0.0
4	chr6D	47341870	52076057	4.473095504726639e-08
4	chr6D	52076057	56810244	2.8329604863268714e-07
4	chr6D	56810244	61544431	3.9760848930903457e-07
4	chr6D	61544431	66278618	0.0
4	chr6D	66278618	71012805	1.4164802431634357e-07
4	chr6D	71012805	75746992	2.6838573028359834e-07
4	chr6D	75746992	80481179	2.6838573028359834e-07
4	chr6D	80481179	85215366	8.946191009453278e-08
4	chr6D	85215366	89949553	7.703664480362546e-08
4	chr6D	89949553	94683740	9.443201621089572e-08
4	chr6D	94683740	99417927	1.0685728150180305e-07
4	chr6D	99417927	104152114	0.0
4	chr6D	104152114	108886301	0.0
4	chr6D	108886301	113620488	0.0
4	chr6D	113620488	118354675	7.952169786180691e-08
4	chr6D	118354675	123088862	0.0
4	chr6D	123088862	127823049	0.0
4	chr6D	127823049	132557236	0.0
4	chr6D	132557236	137291423	0.0
4	chr6D	137291423	142025610	0.0
4	chr6D	142025610	146759797	0.0
4	chr6D	146759797	151493984	0.0
4	chr6D	151493984	156228171	0.0
4	chr6D	156228171	160962358	1.0685728150180305e-07
4	chr6D	160962358	165696545	0.0
4	chr6D	165696545	170430732	0.0
4	chr6D	170430732	175164919	0.0
4	chr6D	175164919	179899106	0.0
4	chr6D	179899106	184633293	0.0
4	chr6D	184633293	189367480	0.0
4	chr6D	189367480	194101667	0.0
4	chr6D	194101667	198835854	0.0
4	chr6D	198835854	203570041	0.0
4	chr6D	203570041	208304228	0.0
4	chr6D	208304228	213038415	0.0
4	chr6D	213038415	217772602	0.0
4	chr6D	217772602	222506789	0.0
4	chr6D	222506789	227240976	0.0
4	chr6D	227240976	231975163	0.0
4	chr6D	231975163	236709350	0.0
4	chr6D	236709350	241443537	0.0
4	chr6D	241443537	246177724	0.0
4	chr6D	246177724	250911911	0.0
4	chr6D	250911911	255646098	0.0
4	chr6D	255646098	260380285	0.0
4	chr6D	260380285	265114472	0.0
4	chr6D	265114472	269848659	0.0
4	chr6D	269848659	274582846	0.0
4	chr6D	274582846	279317033	3.479074281454053e-08
4	chr6D	279317033	284051220	0.0
4	chr6D	284051220	288785407	7.952169786180691e-08
4	chr6D	288785407	293519594	9.443201621089572e-08
4	chr6D	293519594	298253781	1.0934233455998451e-07
4	chr6D	298253781	302987968	0.0
4	chr6D	302987968	307722155	3.081465792145018e-07
4	chr6D	307722155	312456342	2.286248813526949e-07
4	chr6D	312456342	317190529	0.0
4	chr6D	317190529	321924716	0.0
4	chr6D	321924716	326658903	0.0
4	chr6D	326658903	331393090	0.0
4	chr6D	331393090	336127277	0.0
4	chr6D	336127277	340861464	0.0
4	chr6D	340861464	345595651	5.7156220338173725e-08
4	chr6D	345595651	350329838	0.0
4	chr6D	350329838	355064025	0.0
4	chr6D	355064025	359798212	3.7275795872721994e-08
4	chr6D	359798212	364532399	0.0
4	chr6D	364532399	369266586	0.0
4	chr6D	369266586	374000773	0.0
4	chr6D	374000773	378734960	1.6152844878179532e-07
4	chr6D	378734960	383469147	0.0
4	chr6D	383469147	388203334	4.970106116362932e-08
4	chr6D	388203334	392937521	3.9760848930903455e-08
4	chr6D	392937521	397671708	0.0
4	chr6D	397671708	402405895	1.8637897936361e-07
4	chr6D	402405895	407140082	0.0
4	chr6D	407140082	411874269	0.0
4	chr6D	411874269	416608456	0.0
4	chr6D	416608456	421342643	0.0
4	chr6D	421342643	426076830	4.6221986882175274e-07
4	chr6D	426076830	430811017	0.0
4	chr6D	430811017	435545204	0.0
4	chr6D	435545204	440279391	0.0
4	chr6D	440279391	445013578	9.443201621089572e-08
4	chr6D	445013578	449747765	2.1868466911996903e-07
4	chr6D	449747765	454481952	2.1619961606178756e-07
4	chr6D	454481952	459216139	3.67787852610857e-07
4	chr6D	459216139	463950326	1.3021678024870883e-06
4	chr6D	463950326	468684513	6.038678931380963e-07
4	chr7A	0	7366890	6.260124293809672e-07
4	chr7A	7366890	14733780	7.362033927158823e-07
4	chr7A	14733780	22100670	4.790911449344136e-07
4	chr7A	22100670	29467560	6.148336359991642e-07
4	chr7A	29467560	36834450	3.481395653190072e-07
4	chr7A	36834450	44201340	1.692788712101595e-07
4	chr7A	44201340	51568230	2.6669407068015693e-07
4	chr7A	51568230	58935120	2.9224559840999233e-07
4	chr7A	58935120	66302010	1.740697826595036e-07
4	chr7A	66302010	73668900	3.673032111163838e-08
4	chr7A	73668900	81035790	3.0502136227491003e-07
4	chr7A	81035790	88402680	4.327790009240869e-07
4	chr7A	88402680	95769570	1.2935460913229166e-07
4	chr7A	95769570	103136460	0.0
4	chr7A	103136460	110503350	3.720941225657279e-07
4	chr7A	110503350	117870240	7.665458318950618e-08
4	chr7A	117870240	125237130	2.2357586763605968e-07
4	chr7A	125237130	132604020	1.7087584169327419e-07
4	chr7A	132604020	139970910	6.707276029081791e-08
4	chr7A	139970910	147337800	8.463943560507974e-08
4	chr7A	147337800	154704690	0.0
4	chr7A	154704690	162071580	0.0
4	chr7A	162071580	169438470	0.0
4	chr7A	169438470	176805360	0.0
4	chr7A	176805360	184172250	0.0
4	chr7A	184172250	191539140	4.790911449344136e-08
4	chr7A	191539140	198906030	0.0
4	chr7A	198906030	206272920	6.866973077393262e-08
4	chr7A	206272920	213639810	7.82515536726209e-08
4	chr7A	213639810	221006700	5.9087907875244345e-08
4	chr7A	221006700	228373590	3.99242620778678e-08
4	chr7A	228373590	235740480	3.193940966229424e-09
4	chr7A	235740480	243107370	7.505761270639147e-08
4	chr7A	243107370	250474260	0.0
4	chr7A	250474260	257841150	7.186367174016204e-08
4	chr7A	257841150	265208040	1.3414552058163581e-07
4	chr7A	265208040	272574930	1.1019096333491514e-07
4	chr7A	272574930	279941820	4.790911449344136e-09
4	chr7A	279941820	287308710	6.387881932458848e-08
4	chr7A	287308710	294675600	0.0
4	chr7A	294675600	302042490	0.0
4	chr7A	302042490	309409380	6.228184884147377e-08
4	chr7A	309409380	316776270	0.0
4	chr7A	316776270	324143160	0.0
4	chr7A	324143160	331510050	0.0
4	chr7A	331510050	338876940	0.0
4	chr7A	338876940	346243830	5.1103055459670783e-08
4	chr7A	346243830	353610720	0.0
4	chr7A	353610720	360977610	0.0
4	chr7A	360977610	368344500	0.0
4	chr7A	368344500	375711390	0.0
4	chr7A	375711390	383078280	0.0
4	chr7A	383078280	390445170	0.0
4	chr7A	390445170	397812060	0.0
4	chr7A	397812060	405178950	0.0
4	chr7A	405178950	412545840	1.596970483114712e-08
4	chr7A	412545840	419912730	0.0
4	chr7A	419912730	427279620	0.0
4	chr7A	427279620	434646510	0.0
4	chr7A	434646510	442013400	0.0
4	chr7A	442013400	449380290	0.0
4	chr7A	449380290	456747180	0.0
4	chr7A	456747180	464114070	0.0
4	chr7A	464114070	471480960	1.596970483114712e-08
4	chr7A	471480960	478847850	0.0
4	chr7A	478847850	486214740	1.7247281217638889e-07
4	chr7A	486214740	493581630	4.790911449344136e-09
4	chr7A	493581630	500948520	6.387881932458848e-09
4	chr7A	500948520	508315410	2.0760616280491254e-08
4	chr7A	508315410	515682300	2.1080010377114198e-07
4	chr7A	515682300	523049190	1.3893643203097996e-07
4	chr7A	523049190	530416080	0.0
4	chr7A	530416080	537782970	1.2456369768294754e-07
4	chr7A	537782970	545149860	2.3794860198409208e-07
4	chr7A	545149860	552516750	9.26242880206533e-08
4	chr7A	552516750	559883640	1.0540005188557099e-07
4	chr7A	559883640	567250530	5.781033148875258e-07
4	chr7A	567250530	574617420	1.6448795976081534e-07
4	chr7A	574617420	581984310	3.4494562435277777e-07
4	chr7A	581984310	589351200	7.665458318950618e-08
4	chr7A	589351200	596718090	1.5171219589589764e-07
4	chr7A	596718090	604084980	5.9087907875244345e-08
4	chr7A	604084980	611451870	1.980243399062243e-07
4	chr7A	611451870	618818760	4.567335581708076e-07
4	chr7A	618818760	626185650	4.247941485085134e-07
4	chr7A	626185650	633552540	1.1178793381802984e-07
4	chr7A	633552540	640919430	3.76885034015072e-07
4	chr7A	640919430	648286320	8.59170119915715e-07
4	chr7A	648286320	655653210	3.99242620778678e-08
4	chr7A	655653210	663020100	2.2038192666983028e-07
4	chr7A	663020100	670386990	2.139940447373714e-07
4	chr7A	670386990	677753880	6.403851637289996e-07
4	chr7A	677753880	685120770	2.3315769053474796e-07
4	chr7A	685120770	692487660	4.0882444367736627e-07
4	chr7A	692487660	699854550	2.0760616280491258e-07
4	chr7A	699854550	707221440	3.066183327580247e-07
4	chr7A	707221440	714588330	9.454065260039095e-07
4	chr7A	714588330	721955220	4.4236082382277527e-07
4	chr7A	721955220	729322110	1.836516055581919e-07
4	chr7B	0	7505936	5.532875815182261e-07
4	chr7B	7505936	15011872	1.3479527481747152e-07
4	chr7B	15011872	22517808	1.6144085239766938e-07
4	chr7B	22517808	30023744	2.084624598921362e-07
4	chr7B	30023744	37529680	2.1629939447454735e-07
4	chr7B	37529680	45035616	3.9811627678648567e-07
4	chr7B	45035616	52541552	2.8056225805031863e-07
4	chr7B	52541552	60047488	3.416903477931255e-07
4	chr7B	60047488	67553424	3.7774024687221676e-07
4	chr7B	67553424	75059360	1.2068879256913149e-07
4	chr7B	75059360	82565296	1.7241256081304496e-08
4	chr7B	82565296	90071232	3.9184672912055674e-08
4	chr7B	90071232	97577168	1.097170841537559e-08
4	chr7B	97577168	105083104	1.1285185798672035e-07
4	chr7B	105083104	112589040	1.3479527481747152e-07
4	chr7B	112589040	120094976	9.561060190541586e-08
4	chr7B	120094976	127600912	1.3479527481747152e-07
4	chr7B	127600912	135106848	4.231944674502013e-08
4	chr7B	135106848	142612784	0.0
4	chr7B	142612784	150118720	0.0
4	chr7B	150118720	157624656	4.858899441094904e-07
4	chr7B	157624656	165130592	2.601862281360497e-07
4	chr7B	165130592	172636528	7.053241124170022e-08
4	chr7B	172636528	180142464	2.0062552530972505e-07
4	chr7B	180142464	187648400	1.567386916482227e-07
4	chr7B	187648400	195154336	1.457669832328471e-07
4	chr7B	195154336	202660272	2.6332100196901415e-07
4	chr7B	202660272	210166208	1.1441924490320257e-07
4	chr7B	210166208	217672144	1.4106482248340043e-08
4	chr7B	217672144	225178080	1.097170841537559e-08
4	chr7B	225178080	232684016	4.8588994410949036e-08
4	chr7B	232684016	240189952	1.6144085239766938e-07
4	chr7B	240189952	247695888	1.3793004865043597e-07
4	chr7B	247695888	255201824	0.0
4	chr7B	255201824	262707760	0.0
4	chr7B	262707760	270213696	5.3291155160395724e-08
4	chr7B	270213696	277719632	0.0
4	chr7B	277719632	285225568	0.0
4	chr7B	285225568	292731504	0.0
4	chr7B	292731504	300237440	0.0
4	chr7B	300237440	307743376	0.0
4	chr7B	307743376	315249312	0.0
4	chr7B	315249312	322755248	0.0
4	chr7B	322755248	330261184	1.3793004865043597e-07
4	chr7B	330261184	337767120	9.87453757383803e-08
4	chr7B	337767120	345273056	0.0
4	chr7B	345273056	352778992	5.485854207687794e-08
4	chr7B	352778992	360284928	0.0
4	chr7B	360284928	367790864	0.0
4	chr7B	367790864	375296800	0.0
4	chr7B	375296800	382802736	0.0
4	chr7B	382802736	390308672	0.0
4	chr7B	390308672	397814608	5.3291155160395724e-08
4	chr7B	397814608	405320544	0.0
4	chr7B	405320544	412826480	4.545422057798459e-08
4	chr7B	412826480	420332416	0.0
4	chr7B	420332416	427838352	3.291512524612677e-08
4	chr7B	427838352	435344288	0.0
4	chr7B	435344288	442850224	4.8588994410949036e-08
4	chr7B	442850224	450356160	0.0
4	chr7B	450356160	457862096	5.79933159098424e-08
4	chr7B	457862096	465368032	7.993673274059357e-08
4	chr7B	465368032	472873968	1.0971708415375588e-07
4	chr7B	472873968	480379904	4.231944674502013e-08
4	chr7B	480379904	487885840	3.9184672912055674e-08
4	chr7B	487885840	495391776	1.7868210847897387e-07
4	chr7B	495391776	502897712	1.1912140565264926e-07
4	chr7B	502897712	510403648	0.0
4	chr7B	510403648	517909584	1.5987346548118715e-07
4	chr7B	517909584	525415520	1.3793004865043597e-07
4	chr7B	525415520	532921456	5.172376824391349e-08
4	chr7B	532921456	540427392	1.3479527481747152e-07
4	chr7B	540427392	547933328	1.4890175706581156e-07
4	chr7B	547933328	555439264	2.0062552530972505e-07
4	chr7B	555439264	562945200	1.0031276265486252e-07
4	chr7B	562945200	570451136	9.73347275135463e-07
4	chr7B	570451136	577957072	6.583025049225354e-08
4	chr7B	577957072	585463008	5.79933159098424e-08
4	chr7B	585463008	592968944	1.4263220939988266e-07
4	chr7B	592968944	600474880	1.5830607856470493e-07
4	chr7B	600474880	607980816	1.1912140565264926e-07
4	chr7B	607980816	615486752	2.962361272151409e-07
4	chr7B	615486752	622992688	1.7241256081304496e-08
4	chr7B	622992688	630498624	2.492145197206741e-07
4	chr7B	630498624	638004560	1.3009311406802486e-07
4	chr7B	638004560	645510496	6.191178320104797e-07
4	chr7B	645510496	653016432	1.3322788790098928e-07
4	chr7B	653016432	660522368	3.7303808612277007e-07
4	chr7B	660522368	668028304	0.0
4	chr7B	668028304	675534240	2.257037159734407e-07
4	chr7B	675534240	683040176	7.680195890762912e-08
4	chr7B	683040176	690546112	3.072078356305165e-07
4	chr7B	690546112	698052048	4.7021607494466805e-08
4	chr7B	698052048	705557984	5.815005460149062e-07
4	chr7B	705557984	713063920	6.457634095906775e-07
4	chr7B	713063920	720569856	8.244455180696515e-07
4	chr7B	720569856	728075792	1.4890175706581156e-07
4	chr7B	728075792	735581728	5.517201946017439e-07
4	chr7B	735581728	743087664	1.4419959631636487e-07
4	chr7B	743087664	750593600	3.5893160387443e-07
4	chr7D	0	6358468	1.102744356955536e-06
4	chr7D	6358468	12716936	5.273190297522277e-07
4	chr7D	12716936	19075404	3.4044456657687686e-07
4	chr7D	19075404	25433872	2.738358470292271e-07
4	chr7D	25433872	31792340	2.386812450457452e-07
4	chr7D	31792340	38150808	1.6837204107878149e-07
4	chr7D	38150808	44509276	2.016764008526064e-07
4	chr7D	44509276	50867744	6.290823512833595e-08
4	chr7D	50867744	57226212	4.9956539660737365e-08
4	chr7D	57226212	63584680	2.44231971674716e-07
4	chr7D	63584680	69943148	0.0
4	chr7D	69943148	76301616	0.0
4	chr7D	76301616	82660084	4.4405813031766545e-08
4	chr7D	82660084	89018552	3.1454117564167975e-08
4	chr7D	89018552	95377020	0.0
4	chr7D	95377020	101735488	7.400968838627759e-08
4	chr7D	101735488	108093956	0.0
4	chr7D	108093956	114452424	9.436235269250391e-08
4	chr7D	114452424	120810892	4.6256055241423496e-08
4	chr7D	120810892	127169360	0.0
4	chr7D	127169360	133527828	0.0
4	chr7D	133527828	139886296	0.0
4	chr7D	139886296	146244764	6.845896175730677e-08
4	chr7D	146244764	152603232	0.0
4	chr7D	152603232	158961700	0.0
4	chr7D	158961700	165320168	0.0
4	chr7D	165320168	171678636	0.0
4	chr7D	171678636	178037104	0.0
4	chr7D	178037104	184395572	0.0
4	chr7D	184395572	190754040	7.771017280559146e-08
4	chr7D	190754040	197112508	0.0
4	chr7D	197112508	203470976	0.0
4	chr7D	203470976	209829444	4.6256055241423496e-08
4	chr7D	209829444	216187912	8.326089943456228e-08
4	chr7D	216187912	222546380	2.7753633144854092e-08
4	chr7D	222546380	228904848	1.406184079339274e-07
4	chr7D	228904848	235263316	0.0
4	chr7D	235263316	241621784	1.443188923532413e-07
4	chr7D	241621784	247980252	7.95604150152484e-08
4	chr7D	247980252	254338720	0.0
4	chr7D	254338720	260697188	0.0
4	chr7D	260697188	267055656	0.0
4	chr7D	267055656	273414124	0.0
4	chr7D	273414124	279772592	0.0
4	chr7D	279772592	286131060	0.0
4	chr7D	286131060	292489528	0.0
4	chr7D	292489528	298847996	0.0
4	chr7D	298847996	305206464	0.0
4	chr7D	305206464	311564932	0.0
4	chr7D	311564932	317923400	0.0
4	chr7D	317923400	324281868	0.0
4	chr7D	324281868	330640336	0.0
4	chr7D	330640336	336998804	0.0
4	chr7D	336998804	343357272	0.0
4	chr7D	343357272	349715740	0.0
4	chr7D	349715740	356074208	0.0
4	chr7D	356074208	362432676	0.0
4	chr7D	362432676	368791144	4.070532861245267e-08
4	chr7D	368791144	375149612	0.0
4	chr7D	375149612	381508080	0.0
4	chr7D	381508080	387866548	0.0
4	chr7D	387866548	394225016	4.9956539660737365e-08
4	chr7D	394225016	400583484	0.0
4	chr7D	400583484	406941952	8.141065722490534e-08
4	chr7D	406941952	413300420	6.47584773379929e-08
4	chr7D	413300420	419658888	0.0
4	chr7D	419658888	426017356	0.0
4	chr7D	426017356	432375824	0.0
4	chr7D	432375824	438734292	0.0
4	chr7D	438734292	445092760	0.0
4	chr7D	445092760	451451228	0.0
4	chr7D	451451228	457809696	0.0
4	chr7D	457809696	464168164	4.9956539660737365e-08
4	chr7D	464168164	470526632	6.845896175730677e-08
4	chr7D	470526632	476885100	1.5171986119186904e-07
4	chr7D	476885100	483243568	3.7004844193138794e-08
4	chr7D	483243568	489602036	0.0
4	chr7D	489602036	495960504	3.7004844193138794e-08
4	chr7D	495960504	502318972	1.2766671246632884e-07
4	chr7D	502318972	508677440	0.0
4	chr7D	508677440	515035908	0.0
4	chr7D	515035908	521394376	3.219421444803075e-07
4	chr7D	521394376	527752844	1.7022228328843843e-07
4	chr7D	527752844	534111312	5.735750849936512e-08
4	chr7D	534111312	540469780	1.1471501699873025e-07
4	chr7D	540469780	546828248	2.016764008526064e-07
4	chr7D	546828248	553186716	2.941885113354534e-07
4	chr7D	553186716	559545184	2.0907736969123418e-07
4	chr7D	559545184	565903652	3.515460198348185e-08
4	chr7D	565903652	572262120	0.0
4	chr7D	572262120	578620588	2.7013536260991313e-07
4	chr7D	578620588	584979056	2.016764008526064e-07
4	chr7D	584979056	591337524	1.1286477478907331e-07
4	chr7D	591337524	597695992	0.0
4	chr7D	597695992	604054460	1.2026574362770107e-07
4	chr7D	604054460	610412928	6.290823512833595e-08
4	chr7D	610412928	616771396	2.2017882294917582e-07
4	chr7D	616771396	623129864	2.2017882294917582e-07
4	chr7D	623129864	629488332	8.881162606353309e-08
4	chr7D	629488332	635846800	3.3674408215756297e-07
