Chr	Start	End	SNP Density
chr1A	0	5935491	2.5271708776915e-06
chr1A	5935491	11870982	4.5489075798447005e-06
chr1A	11870982	17806473	4.885863696870234e-06
chr1A	17806473	23741964	2.3586928191787335e-06
chr1A	23741964	29677455	3.0326050532298e-06
chr1A	29677455	35612946	1.8532586436404335e-06
chr1A	35612946	41548437	1.3478244681021334e-06
chr1A	41548437	47483928	1.0108683510766002e-06
chr1A	47483928	53419419	1.8532586436404335e-06
chr1A	53419419	59354910	1.3478244681021334e-06
chr1A	59354910	65290401	6.739122340510667e-07
chr1A	65290401	71225892	3.3695611702553335e-07
chr1A	71225892	77161383	3.3695611702553335e-07
chr1A	77161383	83096874	1.6847805851276667e-07
chr1A	83096874	89032365	1.6847805851276667e-07
chr1A	89032365	94967856	1.1793464095893668e-06
chr1A	94967856	100903347	1.1793464095893668e-06
chr1A	100903347	106838838	8.423902925638334e-07
chr1A	106838838	112774329	1.1793464095893668e-06
chr1A	112774329	118709820	1.6847805851276667e-07
chr1A	118709820	124645311	1.6847805851276667e-07
chr1A	124645311	130580802	1.6847805851276667e-07
chr1A	130580802	136516293	1.6847805851276667e-07
chr1A	136516293	142451784	0.0
chr1A	142451784	148387275	0.0
chr1A	148387275	154322766	0.0
chr1A	154322766	160258257	3.3695611702553335e-07
chr1A	160258257	166193748	5.054341755383001e-07
chr1A	166193748	172129239	0.0
chr1A	172129239	178064730	0.0
chr1A	178064730	184000221	0.0
chr1A	184000221	189935712	0.0
chr1A	189935712	195871203	0.0
chr1A	195871203	201806694	0.0
chr1A	201806694	207742185	0.0
chr1A	207742185	213677676	0.0
chr1A	213677676	219613167	0.0
chr1A	219613167	225548658	0.0
chr1A	225548658	231484149	0.0
chr1A	231484149	237419640	0.0
chr1A	237419640	243355131	0.0
chr1A	243355131	249290622	0.0
chr1A	249290622	255226113	0.0
chr1A	255226113	261161604	0.0
chr1A	261161604	267097095	0.0
chr1A	267097095	273032586	0.0
chr1A	273032586	278968077	0.0
chr1A	278968077	284903568	0.0
chr1A	284903568	290839059	0.0
chr1A	290839059	296774550	0.0
chr1A	296774550	302710041	1.6847805851276669e-06
chr1A	302710041	308645532	1.0108683510766002e-06
chr1A	308645532	314581023	6.739122340510667e-07
chr1A	314581023	320516514	0.0
chr1A	320516514	326452005	0.0
chr1A	326452005	332387496	0.0
chr1A	332387496	338322987	0.0
chr1A	338322987	344258478	0.0
chr1A	344258478	350193969	5.054341755383001e-07
chr1A	350193969	356129460	2.5271708776915e-06
chr1A	356129460	362064951	3.3695611702553335e-07
chr1A	362064951	368000442	1.6847805851276667e-07
chr1A	368000442	373935933	1.3478244681021334e-06
chr1A	373935933	379871424	1.0108683510766002e-06
chr1A	379871424	385806915	8.423902925638334e-07
chr1A	385806915	391742406	0.0
chr1A	391742406	397677897	1.6847805851276667e-07
chr1A	397677897	403613388	0.0
chr1A	403613388	409548879	0.0
chr1A	409548879	415484370	0.0
chr1A	415484370	421419861	0.0
chr1A	421419861	427355352	0.0
chr1A	427355352	433290843	0.0
chr1A	433290843	439226334	0.0
chr1A	439226334	445161825	0.0
chr1A	445161825	451097316	0.0
chr1A	451097316	457032807	0.0
chr1A	457032807	462968298	0.0
chr1A	462968298	468903789	6.739122340510667e-07
chr1A	468903789	474839280	1.1793464095893668e-06
chr1A	474839280	480774771	1.5163025266149e-06
chr1A	480774771	486710262	3.3695611702553337e-06
chr1A	486710262	492645753	1.5163025266149e-06
chr1A	492645753	498581244	1.6847805851276669e-06
chr1A	498581244	504516735	3.0326050532298e-06
chr1A	504516735	510452226	2.3586928191787335e-06
chr1A	510452226	516387717	2.695648936204267e-06
chr1A	516387717	522323208	1.0108683510766002e-06
chr1A	522323208	528258699	1.0108683510766002e-06
chr1A	528258699	534194190	2.3586928191787335e-06
chr1A	534194190	540129681	2.695648936204267e-06
chr1A	540129681	546065172	4.380429521331934e-06
chr1A	546065172	552000663	6.739122340510667e-07
chr1A	552000663	557936154	1.0108683510766002e-06
chr1A	557936154	563871645	1.3478244681021334e-06
chr1A	563871645	569807136	5.054341755383001e-07
chr1A	569807136	575742627	1.8532586436404335e-06
chr1A	575742627	581678118	1.6847805851276669e-06
chr1A	581678118	587613609	4.5489075798447005e-06
chr1A	587613609	593549100	4.211951462819167e-06
chr1B	0	6887693	2.322983907674166e-06
chr1B	6887693	13775386	2.322983907674166e-06
chr1B	13775386	20663079	2.758543390363072e-06
chr1B	20663079	27550772	7.259324711481769e-07
chr1B	27550772	34438465	1.88742442498526e-06
chr1B	34438465	41326158	1.7422379307556245e-06
chr1B	41326158	48213851	1.5970514365259892e-06
chr1B	48213851	55101544	2.177797413444531e-06
chr1B	55101544	61989237	1.5970514365259892e-06
chr1B	61989237	68876930	7.259324711481769e-07
chr1B	68876930	75764623	1.161491953837083e-06
chr1B	75764623	82652316	0.0
chr1B	82652316	89540009	1.0163054596074477e-06
chr1B	89540009	96427702	2.0326109192148954e-06
chr1B	96427702	103315395	1.161491953837083e-06
chr1B	103315395	110203088	2.6133568961334367e-06
chr1B	110203088	117090781	1.161491953837083e-06
chr1B	117090781	123978474	2.6133568961334367e-06
chr1B	123978474	130866167	4.3555948268890613e-07
chr1B	130866167	137753860	7.259324711481769e-07
chr1B	137753860	144641553	1.0163054596074477e-06
chr1B	144641553	151529246	1.5970514365259892e-06
chr1B	151529246	158416939	1.161491953837083e-06
chr1B	158416939	165304632	1.3066784480667183e-06
chr1B	165304632	172192325	1.5970514365259892e-06
chr1B	172192325	179080018	1.4518649422963538e-07
chr1B	179080018	185967711	0.0
chr1B	185967711	192855404	1.4518649422963539e-06
chr1B	192855404	199743097	1.3066784480667183e-06
chr1B	199743097	206630790	2.9037298845927075e-07
chr1B	206630790	213518483	2.9037298845927075e-07
chr1B	213518483	220406176	1.4518649422963538e-07
chr1B	220406176	227293869	0.0
chr1B	227293869	234181562	0.0
chr1B	234181562	241069255	2.9037298845927075e-07
chr1B	241069255	247956948	0.0
chr1B	247956948	254844641	0.0
chr1B	254844641	261732334	1.4518649422963538e-07
chr1B	261732334	268620027	0.0
chr1B	268620027	275507720	0.0
chr1B	275507720	282395413	0.0
chr1B	282395413	289283106	0.0
chr1B	289283106	296170799	0.0
chr1B	296170799	303058492	1.4518649422963538e-07
chr1B	303058492	309946185	0.0
chr1B	309946185	316833878	0.0
chr1B	316833878	323721571	0.0
chr1B	323721571	330609264	2.0326109192148954e-06
chr1B	330609264	337496957	1.161491953837083e-06
chr1B	337496957	344384650	2.9037298845927075e-07
chr1B	344384650	351272343	0.0
chr1B	351272343	358160036	0.0
chr1B	358160036	365047729	0.0
chr1B	365047729	371935422	0.0
chr1B	371935422	378823115	0.0
chr1B	378823115	385710808	0.0
chr1B	385710808	392598501	0.0
chr1B	392598501	399486194	0.0
chr1B	399486194	406373887	0.0
chr1B	406373887	413261580	0.0
chr1B	413261580	420149273	0.0
chr1B	420149273	427036966	0.0
chr1B	427036966	433924659	0.0
chr1B	433924659	440812352	0.0
chr1B	440812352	447700045	0.0
chr1B	447700045	454587738	0.0
chr1B	454587738	461475431	7.259324711481769e-07
chr1B	461475431	468363124	1.4518649422963538e-07
chr1B	468363124	475250817	1.5970514365259892e-06
chr1B	475250817	482138510	1.88742442498526e-06
chr1B	482138510	489026203	1.4518649422963539e-06
chr1B	489026203	495913896	1.0163054596074477e-06
chr1B	495913896	502801589	7.259324711481769e-07
chr1B	502801589	509689282	2.9037298845927075e-07
chr1B	509689282	516576975	7.259324711481769e-07
chr1B	516576975	523464668	8.711189653778123e-07
chr1B	523464668	530352361	5.807459769185415e-07
chr1B	530352361	537240054	2.322983907674166e-06
chr1B	537240054	544127747	8.711189653778123e-07
chr1B	544127747	551015440	1.5970514365259892e-06
chr1B	551015440	557903133	1.161491953837083e-06
chr1B	557903133	564790826	2.9037298845927077e-06
chr1B	564790826	571678519	3.339289367281614e-06
chr1B	571678519	578566212	1.3066784480667183e-06
chr1B	578566212	585453905	1.3066784480667183e-06
chr1B	585453905	592341598	2.4681704019038015e-06
chr1B	592341598	599229291	2.9037298845927075e-07
chr1B	599229291	606116984	2.0326109192148954e-06
chr1B	606116984	613004677	2.9037298845927075e-07
chr1B	613004677	619892370	2.758543390363072e-06
chr1B	619892370	626780063	2.6133568961334367e-06
chr1B	626780063	633667756	2.322983907674166e-06
chr1B	633667756	640555449	2.9037298845927077e-06
chr1B	640555449	647443142	4.791154309577967e-06
chr1B	647443142	654330835	1.3066784480667183e-06
chr1B	654330835	661218528	3.1941028730519784e-06
chr1B	661218528	668106221	3.1941028730519784e-06
chr1B	668106221	674993914	2.758543390363072e-06
chr1B	674993914	681881607	3.920035344200156e-06
chr1D	0	4951266	8.07874188136933e-07
chr1D	4951266	9902532	3.4334652995819657e-06
chr1D	9902532	14853798	3.837402393650432e-06
chr1D	14853798	19805064	1.8177169233080994e-06
chr1D	19805064	24756330	1.0098427351711663e-06
chr1D	24756330	29707596	6.059056411026998e-07
chr1D	29707596	34658862	2.423622564410799e-06
chr1D	34658862	39610128	2.423622564410799e-06
chr1D	39610128	44561394	2.6255911114450323e-06
chr1D	44561394	49512660	2.6255911114450323e-06
chr1D	49512660	54463926	3.635433846616199e-06
chr1D	54463926	59415192	8.07874188136933e-07
chr1D	59415192	64366458	1.0098427351711663e-06
chr1D	64366458	69317724	1.615748376273866e-06
chr1D	69317724	74268990	8.07874188136933e-07
chr1D	74268990	79220256	4.039370940684665e-07
chr1D	79220256	84171522	8.07874188136933e-07
chr1D	84171522	89122788	2.827559658479266e-06
chr1D	89122788	94074054	8.07874188136933e-07
chr1D	94074054	99025320	2.0196854703423326e-07
chr1D	99025320	103976586	1.0098427351711663e-06
chr1D	103976586	108927852	6.059056411026998e-07
chr1D	108927852	113879118	1.413779829239633e-06
chr1D	113879118	118830384	2.0196854703423326e-07
chr1D	118830384	123781650	1.413779829239633e-06
chr1D	123781650	128732916	0.0
chr1D	128732916	133684182	1.0098427351711663e-06
chr1D	133684182	138635448	6.059056411026998e-07
chr1D	138635448	143586714	8.07874188136933e-07
chr1D	143586714	148537980	2.0196854703423326e-07
chr1D	148537980	153489246	0.0
chr1D	153489246	158440512	4.039370940684665e-07
chr1D	158440512	163391778	0.0
chr1D	163391778	168343044	0.0
chr1D	168343044	173294310	0.0
chr1D	173294310	178245576	0.0
chr1D	178245576	183196842	0.0
chr1D	183196842	188148108	0.0
chr1D	188148108	193099374	0.0
chr1D	193099374	198050640	0.0
chr1D	198050640	203001906	4.039370940684665e-07
chr1D	203001906	207953172	0.0
chr1D	207953172	212904438	2.0196854703423326e-07
chr1D	212904438	217855704	0.0
chr1D	217855704	222806970	0.0
chr1D	222806970	227758236	0.0
chr1D	227758236	232709502	0.0
chr1D	232709502	237660768	0.0
chr1D	237660768	242612034	0.0
chr1D	242612034	247563300	4.039370940684665e-07
chr1D	247563300	252514566	0.0
chr1D	252514566	257465832	2.0196854703423326e-07
chr1D	257465832	262417098	8.07874188136933e-07
chr1D	262417098	267368364	0.0
chr1D	267368364	272319630	0.0
chr1D	272319630	277270896	0.0
chr1D	277270896	282222162	0.0
chr1D	282222162	287173428	0.0
chr1D	287173428	292124694	0.0
chr1D	292124694	297075960	0.0
chr1D	297075960	302027226	0.0
chr1D	302027226	306978492	0.0
chr1D	306978492	311929758	4.039370940684665e-07
chr1D	311929758	316881024	0.0
chr1D	316881024	321832290	0.0
chr1D	321832290	326783556	0.0
chr1D	326783556	331734822	0.0
chr1D	331734822	336686088	0.0
chr1D	336686088	341637354	0.0
chr1D	341637354	346588620	0.0
chr1D	346588620	351539886	0.0
chr1D	351539886	356491152	0.0
chr1D	356491152	361442418	0.0
chr1D	361442418	366393684	0.0
chr1D	366393684	371344950	0.0
chr1D	371344950	376296216	0.0
chr1D	376296216	381247482	0.0
chr1D	381247482	386198748	0.0
chr1D	386198748	391150014	0.0
chr1D	391150014	396101280	4.039370940684665e-07
chr1D	396101280	401052546	4.039370940684665e-07
chr1D	401052546	406003812	4.039370940684665e-07
chr1D	406003812	410955078	3.029528205513499e-06
chr1D	410955078	415906344	1.413779829239633e-06
chr1D	415906344	420857610	2.423622564410799e-06
chr1D	420857610	425808876	2.0196854703423326e-07
chr1D	425808876	430760142	2.0196854703423326e-07
chr1D	430760142	435711408	1.413779829239633e-06
chr1D	435711408	440662674	4.039370940684665e-07
chr1D	440662674	445613940	4.039370940684665e-07
chr1D	445613940	450565206	0.0
chr1D	450565206	455516472	0.0
chr1D	455516472	460467738	6.059056411026998e-07
chr1D	460467738	465419004	8.07874188136933e-07
chr1D	465419004	470370270	4.039370940684665e-07
chr1D	470370270	475321536	6.059056411026998e-07
chr1D	475321536	480272802	2.0196854703423326e-07
chr1D	480272802	485224068	1.0098427351711663e-06
chr1D	485224068	490175334	4.039370940684665e-06
chr2A	0	7807147	5.251598311137219e-06
chr2A	7807147	15614294	2.8179308010980195e-06
chr2A	15614294	23421441	4.098808437960756e-06
chr2A	23421441	31228588	2.4336675100391988e-06
chr2A	31228588	39035735	2.4336675100391988e-06
chr2A	39035735	46842882	1.4089654005490097e-06
chr2A	46842882	54650029	1.2808776368627362e-06
chr2A	54650029	62457176	1.024702109490189e-06
chr2A	62457176	70264323	1.4089654005490097e-06
chr2A	70264323	78071470	2.946018564784293e-06
chr2A	78071470	85878617	3.0741063284705666e-06
chr2A	85878617	93685764	2.5617552737254723e-06
chr2A	93685764	101492911	1.2808776368627362e-06
chr2A	101492911	109300058	2.5617552737254725e-07
chr2A	109300058	117107205	3.8426329105882083e-07
chr2A	117107205	124914352	5.123510547450945e-07
chr2A	124914352	132721499	3.8426329105882083e-07
chr2A	132721499	140528646	3.8426329105882083e-07
chr2A	140528646	148335793	7.685265821176417e-07
chr2A	148335793	156142940	1.2808776368627363e-07
chr2A	156142940	163950087	1.2808776368627363e-07
chr2A	163950087	171757234	5.123510547450945e-07
chr2A	171757234	179564381	2.5617552737254725e-07
chr2A	179564381	187371528	0.0
chr2A	187371528	195178675	2.5617552737254725e-07
chr2A	195178675	202985822	3.8426329105882083e-07
chr2A	202985822	210792969	7.685265821176417e-07
chr2A	210792969	218600116	5.123510547450945e-07
chr2A	218600116	226407263	0.0
chr2A	226407263	234214410	2.5617552737254725e-07
chr2A	234214410	242021557	3.8426329105882083e-07
chr2A	242021557	249828704	0.0
chr2A	249828704	257635851	1.2808776368627363e-07
chr2A	257635851	265442998	1.2808776368627363e-07
chr2A	265442998	273250145	0.0
chr2A	273250145	281057292	5.123510547450945e-07
chr2A	281057292	288864439	2.5617552737254725e-07
chr2A	288864439	296671586	1.2808776368627363e-07
chr2A	296671586	304478733	1.2808776368627363e-07
chr2A	304478733	312285880	0.0
chr2A	312285880	320093027	2.5617552737254725e-07
chr2A	320093027	327900174	2.5617552737254725e-07
chr2A	327900174	335707321	2.5617552737254725e-07
chr2A	335707321	343514468	1.2808776368627363e-07
chr2A	343514468	351321615	2.5617552737254725e-07
chr2A	351321615	359128762	3.8426329105882083e-07
chr2A	359128762	366935909	3.8426329105882083e-07
chr2A	366935909	374743056	8.966143458039153e-07
chr2A	374743056	382550203	6.404388184313681e-07
chr2A	382550203	390357350	1.024702109490189e-06
chr2A	390357350	398164497	3.8426329105882083e-07
chr2A	398164497	405971644	0.0
chr2A	405971644	413778791	7.685265821176417e-07
chr2A	413778791	421585938	5.123510547450945e-07
chr2A	421585938	429393085	5.123510547450945e-07
chr2A	429393085	437200232	8.966143458039153e-07
chr2A	437200232	445007379	0.0
chr2A	445007379	452814526	2.5617552737254725e-07
chr2A	452814526	460621673	5.123510547450945e-07
chr2A	460621673	468428820	8.966143458039153e-07
chr2A	468428820	476235967	3.8426329105882083e-07
chr2A	476235967	484043114	0.0
chr2A	484043114	491850261	5.123510547450945e-07
chr2A	491850261	499657408	8.966143458039153e-07
chr2A	499657408	507464555	1.665140927921557e-06
chr2A	507464555	515271702	3.8426329105882083e-07
chr2A	515271702	523078849	3.8426329105882083e-07
chr2A	523078849	530885996	2.5617552737254725e-07
chr2A	530885996	538693143	3.8426329105882083e-07
chr2A	538693143	546500290	8.966143458039153e-07
chr2A	546500290	554307437	8.966143458039153e-07
chr2A	554307437	562114584	1.5370531642352833e-06
chr2A	562114584	569921731	1.1527898731764626e-06
chr2A	569921731	577728878	5.123510547450945e-07
chr2A	577728878	585536025	1.024702109490189e-06
chr2A	585536025	593343172	3.8426329105882083e-07
chr2A	593343172	601150319	2.5617552737254725e-07
chr2A	601150319	608957466	2.305579746352925e-06
chr2A	608957466	616764613	2.5617552737254725e-07
chr2A	616764613	624571760	6.404388184313681e-07
chr2A	624571760	632378907	3.8426329105882083e-07
chr2A	632378907	640186054	5.123510547450945e-07
chr2A	640186054	647993201	6.404388184313681e-07
chr2A	647993201	655800348	1.2808776368627363e-07
chr2A	655800348	663607495	3.8426329105882083e-07
chr2A	663607495	671414642	2.5617552737254725e-07
chr2A	671414642	679221789	3.330281855843114e-06
chr2A	679221789	687028936	1.1527898731764626e-06
chr2A	687028936	694836083	3.330281855843114e-06
chr2A	694836083	702643230	1.2808776368627362e-06
chr2A	702643230	710450377	2.8179308010980195e-06
chr2A	710450377	718257524	3.842632910588208e-06
chr2A	718257524	726064671	2.4336675100391988e-06
chr2A	726064671	733871818	1.2808776368627362e-06
chr2A	733871818	741678965	3.330281855843114e-06
chr2A	741678965	749486112	2.946018564784293e-06
chr2A	749486112	757293259	3.5864573832156613e-06
chr2A	757293259	765100406	4.098808437960756e-06
chr2A	765100406	772907553	1.2808776368627362e-06
chr2A	772907553	780714700	2.8179308010980195e-06
chr2B	0	8012536	3.744132943677258e-06
chr2B	8012536	16025072	1.872066471838629e-06
chr2B	16025072	24037608	2.371284197662263e-06
chr2B	24037608	32050144	2.2464797662063547e-06
chr2B	32050144	40062680	8.736310201913602e-07
chr2B	40062680	48075216	4.617763963868618e-06
chr2B	48075216	56087752	1.1232398831031773e-06
chr2B	56087752	64100288	4.992177258236343e-07
chr2B	64100288	72112824	2.496088629118172e-06
chr2B	72112824	80125360	1.6224576089268117e-06
chr2B	80125360	88137896	0.0
chr2B	88137896	96150432	1.9968709032945374e-06
chr2B	96150432	104162968	2.6208930605740804e-06
chr2B	104162968	112175504	3.369719649309532e-06
chr2B	112175504	120188040	2.745697492029989e-06
chr2B	120188040	128200576	2.1216753347504462e-06
chr2B	128200576	136213112	3.4945240807654407e-06
chr2B	136213112	144225648	3.2449152178536234e-06
chr2B	144225648	152238184	3.369719649309532e-06
chr2B	152238184	160250720	5.241786121148161e-06
chr2B	160250720	168263256	1.872066471838629e-06
chr2B	168263256	176275792	1.248044314559086e-06
chr2B	176275792	184288328	2.496088629118172e-06
chr2B	184288328	192300864	3.619328512221349e-06
chr2B	192300864	200313400	1.1232398831031773e-06
chr2B	200313400	208325936	1.248044314559086e-06
chr2B	208325936	216338472	3.868937375133166e-06
chr2B	216338472	224351008	1.6224576089268117e-06
chr2B	224351008	232363544	9.984354516472687e-07
chr2B	232363544	240376080	3.120110786397715e-06
chr2B	240376080	248388616	2.371284197662263e-06
chr2B	248388616	256401152	2.995306354941806e-06
chr2B	256401152	264413688	7.488265887354515e-07
chr2B	264413688	272426224	2.496088629118172e-07
chr2B	272426224	280438760	7.488265887354515e-07
chr2B	280438760	288451296	6.24022157279543e-07
chr2B	288451296	296463832	3.7441329436772576e-07
chr2B	296463832	304476368	4.992177258236343e-07
chr2B	304476368	312488904	6.24022157279543e-07
chr2B	312488904	320501440	7.488265887354515e-07
chr2B	320501440	328513976	7.488265887354515e-07
chr2B	328513976	336526512	8.736310201913602e-07
chr2B	336526512	344539048	2.496088629118172e-07
chr2B	344539048	352551584	0.0
chr2B	352551584	360564120	2.1216753347504462e-06
chr2B	360564120	368576656	1.248044314559086e-06
chr2B	368576656	376589192	3.369719649309532e-06
chr2B	376589192	384601728	2.371284197662263e-06
chr2B	384601728	392614264	4.617763963868618e-06
chr2B	392614264	400626800	2.1216753347504462e-06
chr2B	400626800	408639336	2.496088629118172e-06
chr2B	408639336	416651872	3.619328512221349e-06
chr2B	416651872	424664408	2.371284197662263e-06
chr2B	424664408	432676944	1.872066471838629e-06
chr2B	432676944	440689480	1.1232398831031773e-06
chr2B	440689480	448702016	1.872066471838629e-06
chr2B	448702016	456714552	2.745697492029989e-06
chr2B	456714552	464727088	3.369719649309532e-06
chr2B	464727088	472739624	1.3728487460149944e-06
chr2B	472739624	480752160	1.9968709032945374e-06
chr2B	480752160	488764696	2.6208930605740804e-06
chr2B	488764696	496777232	1.9968709032945374e-06
chr2B	496777232	504789768	1.248044314559086e-06
chr2B	504789768	512802304	1.248044314559086e-06
chr2B	512802304	520814840	2.6208930605740804e-06
chr2B	520814840	528827376	1.6224576089268117e-06
chr2B	528827376	536839912	2.6208930605740804e-06
chr2B	536839912	544852448	2.6208930605740804e-06
chr2B	544852448	552864984	1.3728487460149944e-06
chr2B	552864984	560877520	1.872066471838629e-06
chr2B	560877520	568890056	1.872066471838629e-06
chr2B	568890056	576902592	9.984354516472687e-07
chr2B	576902592	584915128	1.7472620403827203e-06
chr2B	584915128	592927664	8.736310201913602e-07
chr2B	592927664	600940200	1.872066471838629e-06
chr2B	600940200	608952736	1.3728487460149944e-06
chr2B	608952736	616965272	1.9968709032945374e-06
chr2B	616965272	624977808	2.2464797662063547e-06
chr2B	624977808	632990344	1.3728487460149944e-06
chr2B	632990344	641002880	2.6208930605740804e-06
chr2B	641002880	649015416	3.744132943677258e-06
chr2B	649015416	657027952	2.995306354941806e-06
chr2B	657027952	665040488	2.8705019234858977e-06
chr2B	665040488	673053024	2.2464797662063547e-06
chr2B	673053024	681065560	3.2449152178536234e-06
chr2B	681065560	689078096	3.4945240807654407e-06
chr2B	689078096	697090632	4.118546238044983e-06
chr2B	697090632	705103168	2.745697492029989e-06
chr2B	705103168	713115704	1.3728487460149944e-06
chr2B	713115704	721128240	4.492959532412709e-06
chr2B	721128240	729140776	2.745697492029989e-06
chr2B	729140776	737153312	4.992177258236344e-06
chr2B	737153312	745165848	4.992177258236344e-06
chr2B	745165848	753178384	5.241786121148161e-06
chr2B	753178384	761190920	1.6224576089268117e-06
chr2B	761190920	769203456	4.492959532412709e-06
chr2B	769203456	777215992	3.744132943677258e-06
chr2B	777215992	785228528	2.6208930605740804e-06
chr2B	785228528	793241064	4.118546238044983e-06
chr2D	0	6516113	1.534657241211133e-06
chr2D	6516113	13032226	2.7623830341800395e-06
chr2D	13032226	19548339	3.836643103027833e-06
chr2D	19548339	26064452	1.0742600688477932e-06
chr2D	26064452	32580565	2.3019858618166994e-06
chr2D	32580565	39096678	1.534657241211133e-07
chr2D	39096678	45612791	0.0
chr2D	45612791	52128904	0.0
chr2D	52128904	58645017	0.0
chr2D	58645017	65161130	1.534657241211133e-06
chr2D	65161130	71677243	2.915848758301153e-06
chr2D	71677243	78193356	4.297040275391173e-06
chr2D	78193356	84709469	5.524766068360079e-06
chr2D	84709469	91225582	0.0
chr2D	91225582	97741695	3.069314482422266e-07
chr2D	97741695	104257808	6.138628964844532e-07
chr2D	104257808	110773921	4.6039717236333995e-07
chr2D	110773921	117290034	0.0
chr2D	117290034	123806147	4.6039717236333995e-07
chr2D	123806147	130322260	1.0742600688477932e-06
chr2D	130322260	136838373	4.6039717236333995e-07
chr2D	136838373	143354486	0.0
chr2D	143354486	149870599	1.534657241211133e-07
chr2D	149870599	156386712	4.6039717236333995e-07
chr2D	156386712	162902825	7.673286206055665e-07
chr2D	162902825	169418938	0.0
chr2D	169418938	175935051	1.534657241211133e-07
chr2D	175935051	182451164	0.0
chr2D	182451164	188967277	1.534657241211133e-07
chr2D	188967277	195483390	6.138628964844532e-07
chr2D	195483390	201999503	0.0
chr2D	201999503	208515616	0.0
chr2D	208515616	215031729	0.0
chr2D	215031729	221547842	0.0
chr2D	221547842	228063955	0.0
chr2D	228063955	234580068	0.0
chr2D	234580068	241096181	0.0
chr2D	241096181	247612294	0.0
chr2D	247612294	254128407	0.0
chr2D	254128407	260644520	0.0
chr2D	260644520	267160633	0.0
chr2D	267160633	273676746	0.0
chr2D	273676746	280192859	0.0
chr2D	280192859	286708972	0.0
chr2D	286708972	293225085	0.0
chr2D	293225085	299741198	0.0
chr2D	299741198	306257311	1.534657241211133e-07
chr2D	306257311	312773424	1.534657241211133e-07
chr2D	312773424	319289537	6.138628964844532e-07
chr2D	319289537	325805650	0.0
chr2D	325805650	332321763	0.0
chr2D	332321763	338837876	0.0
chr2D	338837876	345353989	0.0
chr2D	345353989	351870102	0.0
chr2D	351870102	358386215	0.0
chr2D	358386215	364902328	1.534657241211133e-07
chr2D	364902328	371418441	0.0
chr2D	371418441	377934554	6.138628964844532e-07
chr2D	377934554	384450667	0.0
chr2D	384450667	390966780	1.534657241211133e-07
chr2D	390966780	397482893	1.534657241211133e-07
chr2D	397482893	403999006	3.069314482422266e-07
chr2D	403999006	410515119	1.534657241211133e-07
chr2D	410515119	417031232	3.069314482422266e-07
chr2D	417031232	423547345	3.069314482422266e-07
chr2D	423547345	430063458	9.207943447266799e-07
chr2D	430063458	436579571	0.0
chr2D	436579571	443095684	0.0
chr2D	443095684	449611797	3.069314482422266e-07
chr2D	449611797	456127910	6.138628964844532e-07
chr2D	456127910	462644023	4.6039717236333995e-07
chr2D	462644023	469160136	0.0
chr2D	469160136	475676249	6.138628964844532e-07
chr2D	475676249	482192362	3.069314482422266e-07
chr2D	482192362	488708475	3.069314482422266e-07
chr2D	488708475	495224588	3.069314482422266e-07
chr2D	495224588	501740701	1.534657241211133e-07
chr2D	501740701	508256814	3.069314482422266e-07
chr2D	508256814	514772927	3.069314482422266e-07
chr2D	514772927	521289040	9.207943447266799e-07
chr2D	521289040	527805153	1.534657241211133e-07
chr2D	527805153	534321266	6.138628964844532e-07
chr2D	534321266	540837379	1.0742600688477932e-06
chr2D	540837379	547353492	7.673286206055665e-07
chr2D	547353492	553869605	4.6039717236333995e-07
chr2D	553869605	560385718	3.069314482422266e-07
chr2D	560385718	566901831	6.138628964844532e-07
chr2D	566901831	573417944	3.3762459306644926e-06
chr2D	573417944	579934057	4.297040275391173e-06
chr2D	579934057	586450170	1.995054413574473e-06
chr2D	586450170	592966283	2.1485201376955864e-06
chr2D	592966283	599482396	3.529711654785606e-06
chr2D	599482396	605998509	2.1485201376955864e-06
chr2D	605998509	612514622	3.2227802065433795e-06
chr2D	612514622	619030735	4.757437447754513e-06
chr2D	619030735	625546848	1.995054413574473e-06
chr2D	625546848	632062961	1.995054413574473e-06
chr2D	632062961	638579074	2.7623830341800395e-06
chr2D	638579074	645095187	2.455451585937813e-06
chr3A	0	7492057	8.008481515824026e-07
chr3A	7492057	14984114	3.0699179143992096e-06
chr3A	14984114	22476171	1.2012722273736038e-06
chr3A	22476171	29968228	1.7351709950952055e-06
chr3A	29968228	37460285	8.008481515824026e-07
chr3A	37460285	44952342	8.008481515824026e-07
chr3A	44952342	52444399	1.3347469193040043e-06
chr3A	52444399	59936456	3.6038166821208113e-06
chr3A	59936456	67428513	9.343228435128029e-07
chr3A	67428513	74920570	8.008481515824026e-07
chr3A	74920570	82412627	1.3347469193040043e-07
chr3A	82412627	89904684	0.0
chr3A	89904684	97396741	0.0
chr3A	97396741	104888798	0.0
chr3A	104888798	112380855	0.0
chr3A	112380855	119872912	0.0
chr3A	119872912	127364969	0.0
chr3A	127364969	134857026	0.0
chr3A	134857026	142349083	1.3347469193040043e-07
chr3A	142349083	149841140	0.0
chr3A	149841140	157333197	0.0
chr3A	157333197	164825254	0.0
chr3A	164825254	172317311	0.0
chr3A	172317311	179809368	0.0
chr3A	179809368	187301425	0.0
chr3A	187301425	194793482	0.0
chr3A	194793482	202285539	0.0
chr3A	202285539	209777596	0.0
chr3A	209777596	217269653	0.0
chr3A	217269653	224761710	0.0
chr3A	224761710	232253767	0.0
chr3A	232253767	239745824	0.0
chr3A	239745824	247237881	0.0
chr3A	247237881	254729938	0.0
chr3A	254729938	262221995	0.0
chr3A	262221995	269714052	0.0
chr3A	269714052	277206109	0.0
chr3A	277206109	284698166	0.0
chr3A	284698166	292190223	0.0
chr3A	292190223	299682280	0.0
chr3A	299682280	307174337	0.0
chr3A	307174337	314666394	0.0
chr3A	314666394	322158451	0.0
chr3A	322158451	329650508	0.0
chr3A	329650508	337142565	0.0
chr3A	337142565	344634622	0.0
chr3A	344634622	352126679	0.0
chr3A	352126679	359618736	0.0
chr3A	359618736	367110793	0.0
chr3A	367110793	374602850	0.0
chr3A	374602850	382094907	0.0
chr3A	382094907	389586964	0.0
chr3A	389586964	397079021	0.0
chr3A	397079021	404571078	0.0
chr3A	404571078	412063135	0.0
chr3A	412063135	419555192	0.0
chr3A	419555192	427047249	0.0
chr3A	427047249	434539306	0.0
chr3A	434539306	442031363	0.0
chr3A	442031363	449523420	0.0
chr3A	449523420	457015477	0.0
chr3A	457015477	464507534	0.0
chr3A	464507534	471999591	0.0
chr3A	471999591	479491648	0.0
chr3A	479491648	486983705	0.0
chr3A	486983705	494475762	0.0
chr3A	494475762	501967819	6.673734596520022e-07
chr3A	501967819	509459876	1.3347469193040043e-07
chr3A	509459876	516951933	1.8686456870256058e-06
chr3A	516951933	524443990	2.802968530538409e-06
chr3A	524443990	531936047	9.343228435128029e-07
chr3A	531936047	539428104	3.470341990190411e-06
chr3A	539428104	546920161	1.4682216112344046e-06
chr3A	546920161	554412218	0.0
chr3A	554412218	561904275	1.8686456870256058e-06
chr3A	561904275	569396332	8.008481515824026e-07
chr3A	569396332	576888389	1.2012722273736038e-06
chr3A	576888389	584380446	0.0
chr3A	584380446	591872503	0.0
chr3A	591872503	599364560	2.6694938386080086e-07
chr3A	599364560	606856617	1.3347469193040043e-07
chr3A	606856617	614348674	0.0
chr3A	614348674	621840731	0.0
chr3A	621840731	629332788	0.0
chr3A	629332788	636824845	2.6694938386080086e-07
chr3A	636824845	644316902	5.338987677216017e-07
chr3A	644316902	651808959	3.2033926063296103e-06
chr3A	651808959	659301016	2.002120378956006e-06
chr3A	659301016	666793073	1.4682216112344046e-06
chr3A	666793073	674285130	9.343228435128029e-07
chr3A	674285130	681777187	1.3347469193040043e-07
chr3A	681777187	689269244	3.3368672982600107e-06
chr3A	689269244	696761301	9.343228435128029e-07
chr3A	696761301	704253358	0.0
chr3A	704253358	711745415	4.004240757912013e-07
chr3A	711745415	719237472	8.008481515824026e-07
chr3A	719237472	726729529	1.3347469193040043e-06
chr3A	726729529	734221586	2.4025444547472075e-06
chr3A	734221586	741713643	1.0677975354432034e-06
chr3A	741713643	749205700	1.3347469193040043e-07
chr3B	0	8295415	4.4602952353800265e-06
chr3B	8295415	16590830	3.2548100366286676e-06
chr3B	16590830	24886245	1.567130758376766e-06
chr3B	24886245	33181660	9.643881590010867e-07
chr3B	33181660	41477075	7.23291119250815e-07
chr3B	41477075	49772490	7.23291119250815e-07
chr3B	49772490	58067905	1.0849366788762226e-06
chr3B	58067905	66363320	2.410970397502717e-06
chr3B	66363320	74658735	2.89316447700326e-06
chr3B	74658735	82954150	6.027425993756792e-07
chr3B	82954150	91249565	0.0
chr3B	91249565	99544980	0.0
chr3B	99544980	107840395	6.027425993756792e-07
chr3B	107840395	116135810	2.410970397502717e-07
chr3B	116135810	124431225	8.438396391259509e-07
chr3B	124431225	132726640	6.027425993756792e-07
chr3B	132726640	141022055	1.2054851987513585e-06
chr3B	141022055	149317470	6.027425993756792e-07
chr3B	149317470	157612885	1.2054851987513584e-07
chr3B	157612885	165908300	4.821940795005434e-07
chr3B	165908300	174203715	1.2054851987513584e-07
chr3B	174203715	182499130	0.0
chr3B	182499130	190794545	0.0
chr3B	190794545	199089960	3.616455596254075e-07
chr3B	199089960	207385375	0.0
chr3B	207385375	215680790	0.0
chr3B	215680790	223976205	7.23291119250815e-07
chr3B	223976205	232271620	2.410970397502717e-07
chr3B	232271620	240567035	8.438396391259509e-07
chr3B	240567035	248862450	1.44658223850163e-06
chr3B	248862450	257157865	6.027425993756792e-07
chr3B	257157865	265453280	8.438396391259509e-07
chr3B	265453280	273748695	1.2054851987513584e-07
chr3B	273748695	282044110	1.2054851987513584e-07
chr3B	282044110	290339525	1.2054851987513584e-07
chr3B	290339525	298634940	0.0
chr3B	298634940	306930355	0.0
chr3B	306930355	315225770	0.0
chr3B	315225770	323521185	0.0
chr3B	323521185	331816600	0.0
chr3B	331816600	340112015	0.0
chr3B	340112015	348407430	0.0
chr3B	348407430	356702845	2.410970397502717e-07
chr3B	356702845	364998260	1.2054851987513584e-07
chr3B	364998260	373293675	4.821940795005434e-07
chr3B	373293675	381589090	1.2054851987513584e-07
chr3B	381589090	389884505	0.0
chr3B	389884505	398179920	0.0
chr3B	398179920	406475335	0.0
chr3B	406475335	414770750	6.027425993756792e-07
chr3B	414770750	423066165	6.027425993756792e-07
chr3B	423066165	431361580	0.0
chr3B	431361580	439656995	0.0
chr3B	439656995	447952410	0.0
chr3B	447952410	456247825	1.0849366788762226e-06
chr3B	456247825	464543240	2.410970397502717e-07
chr3B	464543240	472838655	8.438396391259509e-07
chr3B	472838655	481134070	2.169873357752445e-06
chr3B	481134070	489429485	1.9287763180021734e-06
chr3B	489429485	497724900	8.438396391259509e-07
chr3B	497724900	506020315	9.643881590010867e-07
chr3B	506020315	514315730	1.0849366788762226e-06
chr3B	514315730	522611145	8.438396391259509e-07
chr3B	522611145	530906560	9.643881590010867e-07
chr3B	530906560	539201975	0.0
chr3B	539201975	547497390	1.0849366788762226e-06
chr3B	547497390	555792805	1.44658223850163e-06
chr3B	555792805	564088220	1.6876792782519018e-06
chr3B	564088220	572383635	9.643881590010867e-07
chr3B	572383635	580679050	2.7726159571281244e-06
chr3B	580679050	588974465	2.89316447700326e-06
chr3B	588974465	597269880	7.23291119250815e-07
chr3B	597269880	605565295	7.23291119250815e-07
chr3B	605565295	613860710	2.410970397502717e-07
chr3B	613860710	622156125	2.410970397502717e-07
chr3B	622156125	630451540	9.643881590010867e-07
chr3B	630451540	638746955	0.0
chr3B	638746955	647042370	0.0
chr3B	647042370	655337785	3.616455596254075e-07
chr3B	655337785	663633200	4.821940795005434e-07
chr3B	663633200	671928615	1.6876792782519018e-06
chr3B	671928615	680224030	3.616455596254075e-07
chr3B	680224030	688519445	3.616455596254075e-07
chr3B	688519445	696814860	1.6876792782519018e-06
chr3B	696814860	705110275	9.643881590010867e-07
chr3B	705110275	713405690	1.3260337186264944e-06
chr3B	713405690	721701105	8.438396391259509e-07
chr3B	721701105	729996520	2.6520674372529888e-06
chr3B	729996520	738291935	1.44658223850163e-06
chr3B	738291935	746587350	1.8082277981270377e-06
chr3B	746587350	754882765	1.567130758376766e-06
chr3B	754882765	763178180	9.643881590010867e-07
chr3B	763178180	771473595	9.643881590010867e-07
chr3B	771473595	779769010	1.0849366788762226e-06
chr3B	779769010	788064425	6.027425993756792e-07
chr3B	788064425	796359840	1.2054851987513585e-06
chr3B	796359840	804655255	1.8082277981270377e-06
chr3B	804655255	812950670	6.027425993756792e-07
chr3B	812950670	821246085	1.3260337186264944e-06
chr3B	821246085	829541500	1.2054851987513585e-06
chr3D	0	6146373	3.904741869717311e-06
chr3D	6146373	12292746	1.4642782011439917e-06
chr3D	12292746	18439119	3.2539515580977593e-07
chr3D	18439119	24585492	9.761854674293277e-07
chr3D	24585492	30731865	1.6269757790488796e-07
chr3D	30731865	36878238	0.0
chr3D	36878238	43024611	1.6269757790488796e-07
chr3D	43024611	49170984	4.880927337146639e-07
chr3D	49170984	55317357	0.0
chr3D	55317357	61463730	0.0
chr3D	61463730	67610103	0.0
chr3D	67610103	73756476	0.0
chr3D	73756476	79902849	0.0
chr3D	79902849	86049222	0.0
chr3D	86049222	92195595	0.0
chr3D	92195595	98341968	0.0
chr3D	98341968	104488341	0.0
chr3D	104488341	110634714	0.0
chr3D	110634714	116781087	0.0
chr3D	116781087	122927460	0.0
chr3D	122927460	129073833	0.0
chr3D	129073833	135220206	0.0
chr3D	135220206	141366579	0.0
chr3D	141366579	147512952	0.0
chr3D	147512952	153659325	0.0
chr3D	153659325	159805698	0.0
chr3D	159805698	165952071	0.0
chr3D	165952071	172098444	0.0
chr3D	172098444	178244817	0.0
chr3D	178244817	184391190	0.0
chr3D	184391190	190537563	0.0
chr3D	190537563	196683936	0.0
chr3D	196683936	202830309	0.0
chr3D	202830309	208976682	0.0
chr3D	208976682	215123055	0.0
chr3D	215123055	221269428	0.0
chr3D	221269428	227415801	0.0
chr3D	227415801	233562174	0.0
chr3D	233562174	239708547	0.0
chr3D	239708547	245854920	0.0
chr3D	245854920	252001293	0.0
chr3D	252001293	258147666	0.0
chr3D	258147666	264294039	0.0
chr3D	264294039	270440412	0.0
chr3D	270440412	276586785	0.0
chr3D	276586785	282733158	0.0
chr3D	282733158	288879531	0.0
chr3D	288879531	295025904	0.0
chr3D	295025904	301172277	0.0
chr3D	301172277	307318650	0.0
chr3D	307318650	313465023	0.0
chr3D	313465023	319611396	0.0
chr3D	319611396	325757769	0.0
chr3D	325757769	331904142	0.0
chr3D	331904142	338050515	0.0
chr3D	338050515	344196888	0.0
chr3D	344196888	350343261	0.0
chr3D	350343261	356489634	0.0
chr3D	356489634	362636007	0.0
chr3D	362636007	368782380	0.0
chr3D	368782380	374928753	0.0
chr3D	374928753	381075126	0.0
chr3D	381075126	387221499	0.0
chr3D	387221499	393367872	0.0
chr3D	393367872	399514245	0.0
chr3D	399514245	405660618	0.0
chr3D	405660618	411806991	0.0
chr3D	411806991	417953364	0.0
chr3D	417953364	424099737	0.0
chr3D	424099737	430246110	0.0
chr3D	430246110	436392483	0.0
chr3D	436392483	442538856	0.0
chr3D	442538856	448685229	0.0
chr3D	448685229	454831602	0.0
chr3D	454831602	460977975	0.0
chr3D	460977975	467124348	0.0
chr3D	467124348	473270721	0.0
chr3D	473270721	479417094	0.0
chr3D	479417094	485563467	0.0
chr3D	485563467	491709840	0.0
chr3D	491709840	497856213	0.0
chr3D	497856213	504002586	0.0
chr3D	504002586	510148959	0.0
chr3D	510148959	516295332	0.0
chr3D	516295332	522441705	0.0
chr3D	522441705	528588078	6.507903116195519e-07
chr3D	528588078	534734451	0.0
chr3D	534734451	540880824	0.0
chr3D	540880824	547027197	0.0
chr3D	547027197	553173570	0.0
chr3D	553173570	559319943	0.0
chr3D	559319943	565466316	0.0
chr3D	565466316	571612689	0.0
chr3D	571612689	577759062	0.0
chr3D	577759062	583905435	0.0
chr3D	583905435	590051808	0.0
chr3D	590051808	596198181	1.7896733569537677e-06
chr3D	596198181	602344554	9.761854674293277e-07
chr3D	602344554	608490927	1.7896733569537677e-06
chr4A	0	7445217	9.402009370579796e-07
chr4A	7445217	14890434	4.029432587391341e-07
chr4A	14890434	22335651	9.402009370579796e-07
chr4A	22335651	29780868	8.058865174782683e-07
chr4A	29780868	37226085	6.715720978985569e-07
chr4A	37226085	44671302	1.2088297762174024e-06
chr4A	44671302	52116519	4.029432587391341e-07
chr4A	52116519	59561736	0.0
chr4A	59561736	67006953	1.3431441957971137e-07
chr4A	67006953	74452170	2.6862883915942273e-07
chr4A	74452170	81897387	1.3431441957971137e-07
chr4A	81897387	89342604	0.0
chr4A	89342604	96787821	0.0
chr4A	96787821	104233038	1.3431441957971137e-07
chr4A	104233038	111678255	0.0
chr4A	111678255	119123472	1.3431441957971137e-07
chr4A	119123472	126568689	1.3431441957971137e-07
chr4A	126568689	134013906	0.0
chr4A	134013906	141459123	0.0
chr4A	141459123	148904340	0.0
chr4A	148904340	156349557	0.0
chr4A	156349557	163794774	0.0
chr4A	163794774	171239991	0.0
chr4A	171239991	178685208	0.0
chr4A	178685208	186130425	0.0
chr4A	186130425	193575642	0.0
chr4A	193575642	201020859	0.0
chr4A	201020859	208466076	0.0
chr4A	208466076	215911293	0.0
chr4A	215911293	223356510	0.0
chr4A	223356510	230801727	0.0
chr4A	230801727	238246944	0.0
chr4A	238246944	245692161	0.0
chr4A	245692161	253137378	0.0
chr4A	253137378	260582595	0.0
chr4A	260582595	268027812	0.0
chr4A	268027812	275473029	0.0
chr4A	275473029	282918246	0.0
chr4A	282918246	290363463	0.0
chr4A	290363463	297808680	0.0
chr4A	297808680	305253897	0.0
chr4A	305253897	312699114	0.0
chr4A	312699114	320144331	0.0
chr4A	320144331	327589548	0.0
chr4A	327589548	335034765	0.0
chr4A	335034765	342479982	0.0
chr4A	342479982	349925199	0.0
chr4A	349925199	357370416	0.0
chr4A	357370416	364815633	0.0
chr4A	364815633	372260850	0.0
chr4A	372260850	379706067	0.0
chr4A	379706067	387151284	0.0
chr4A	387151284	394596501	0.0
chr4A	394596501	402041718	0.0
chr4A	402041718	409486935	0.0
chr4A	409486935	416932152	0.0
chr4A	416932152	424377369	0.0
chr4A	424377369	431822586	0.0
chr4A	431822586	439267803	0.0
chr4A	439267803	446713020	0.0
chr4A	446713020	454158237	0.0
chr4A	454158237	461603454	0.0
chr4A	461603454	469048671	0.0
chr4A	469048671	476493888	0.0
chr4A	476493888	483939105	0.0
chr4A	483939105	491384322	0.0
chr4A	491384322	498829539	0.0
chr4A	498829539	506274756	0.0
chr4A	506274756	513719973	0.0
chr4A	513719973	521165190	0.0
chr4A	521165190	528610407	0.0
chr4A	528610407	536055624	0.0
chr4A	536055624	543500841	0.0
chr4A	543500841	550946058	0.0
chr4A	550946058	558391275	0.0
chr4A	558391275	565836492	0.0
chr4A	565836492	573281709	0.0
chr4A	573281709	580726926	0.0
chr4A	580726926	588172143	0.0
chr4A	588172143	595617360	0.0
chr4A	595617360	603062577	9.402009370579796e-07
chr4A	603062577	610507794	2.417659552434805e-06
chr4A	610507794	617953011	2.2833451328550934e-06
chr4A	617953011	625398228	1.6117730349565365e-06
chr4A	625398228	632843445	2.5519739720145164e-06
chr4A	632843445	640288662	2.6862883915942273e-07
chr4A	640288662	647733879	4.029432587391341e-07
chr4A	647733879	655179096	6.715720978985569e-07
chr4A	655179096	662624313	1.746087454536248e-06
chr4A	662624313	670069530	6.715720978985569e-07
chr4A	670069530	677514747	9.402009370579796e-07
chr4A	677514747	684959964	6.715720978985569e-07
chr4A	684959964	692405181	1.2088297762174024e-06
chr4A	692405181	699850398	6.715720978985569e-07
chr4A	699850398	707295615	2.0147162936956708e-06
chr4A	707295615	714740832	3.7608037482319186e-06
chr4A	714740832	722186049	1.3431441957971137e-07
chr4A	722186049	729631266	1.8804018741159593e-06
chr4A	729631266	737076483	2.0147162936956708e-06
chr4A	737076483	744521700	3.0892316503333615e-06
chr4B	0	6731003	2.822759104400934e-06
chr4B	6731003	13462006	1.634228955179488e-06
chr4B	13462006	20193009	2.228494029790211e-06
chr4B	20193009	26924012	4.456988059580422e-07
chr4B	26924012	33655015	2.9713253730536147e-07
chr4B	33655015	40386018	5.942650746107229e-07
chr4B	40386018	47117021	1.4856626865268074e-07
chr4B	47117021	53848024	0.0
chr4B	53848024	60579027	1.4856626865268074e-07
chr4B	60579027	67310030	0.0
chr4B	67310030	74041033	0.0
chr4B	74041033	80772036	0.0
chr4B	80772036	87503039	5.942650746107229e-07
chr4B	87503039	94234042	1.4856626865268074e-07
chr4B	94234042	100965045	1.039963880568765e-06
chr4B	100965045	107696048	7.428313432634037e-07
chr4B	107696048	114427051	2.9713253730536147e-07
chr4B	114427051	121158054	0.0
chr4B	121158054	127889057	0.0
chr4B	127889057	134620060	0.0
chr4B	134620060	141351063	0.0
chr4B	141351063	148082066	0.0
chr4B	148082066	154813069	0.0
chr4B	154813069	161544072	0.0
chr4B	161544072	168275075	0.0
chr4B	168275075	175006078	0.0
chr4B	175006078	181737081	0.0
chr4B	181737081	188468084	0.0
chr4B	188468084	195199087	0.0
chr4B	195199087	201930090	0.0
chr4B	201930090	208661093	0.0
chr4B	208661093	215392096	0.0
chr4B	215392096	222123099	0.0
chr4B	222123099	228854102	0.0
chr4B	228854102	235585105	0.0
chr4B	235585105	242316108	0.0
chr4B	242316108	249047111	0.0
chr4B	249047111	255778114	0.0
chr4B	255778114	262509117	0.0
chr4B	262509117	269240120	0.0
chr4B	269240120	275971123	0.0
chr4B	275971123	282702126	0.0
chr4B	282702126	289433129	0.0
chr4B	289433129	296164132	0.0
chr4B	296164132	302895135	0.0
chr4B	302895135	309626138	0.0
chr4B	309626138	316357141	0.0
chr4B	316357141	323088144	0.0
chr4B	323088144	329819147	0.0
chr4B	329819147	336550150	0.0
chr4B	336550150	343281153	0.0
chr4B	343281153	350012156	0.0
chr4B	350012156	356743159	0.0
chr4B	356743159	363474162	0.0
chr4B	363474162	370205165	0.0
chr4B	370205165	376936168	0.0
chr4B	376936168	383667171	0.0
chr4B	383667171	390398174	0.0
chr4B	390398174	397129177	0.0
chr4B	397129177	403860180	0.0
chr4B	403860180	410591183	0.0
chr4B	410591183	417322186	0.0
chr4B	417322186	424053189	0.0
chr4B	424053189	430784192	0.0
chr4B	430784192	437515195	0.0
chr4B	437515195	444246198	0.0
chr4B	444246198	450977201	0.0
chr4B	450977201	457708204	0.0
chr4B	457708204	464439207	0.0
chr4B	464439207	471170210	0.0
chr4B	471170210	477901213	0.0
chr4B	477901213	484632216	0.0
chr4B	484632216	491363219	0.0
chr4B	491363219	498094222	0.0
chr4B	498094222	504825225	0.0
chr4B	504825225	511556228	0.0
chr4B	511556228	518287231	0.0
chr4B	518287231	525018234	7.428313432634037e-07
chr4B	525018234	531749237	1.039963880568765e-06
chr4B	531749237	538480240	2.228494029790211e-06
chr4B	538480240	545211243	1.4856626865268075e-06
chr4B	545211243	551942246	8.913976119160844e-07
chr4B	551942246	558673249	3.7141567163170182e-06
chr4B	558673249	565404252	1.1885301492214459e-06
chr4B	565404252	572135255	5.942650746107229e-07
chr4B	572135255	578866258	7.428313432634037e-07
chr4B	578866258	585597261	5.942650746107229e-07
chr4B	585597261	592328264	1.9313614924848496e-06
chr4B	592328264	599059267	1.039963880568765e-06
chr4B	599059267	605790270	1.9313614924848496e-06
chr4B	605790270	612521273	1.039963880568765e-06
chr4B	612521273	619252276	7.428313432634037e-07
chr4B	619252276	625983279	4.456988059580422e-07
chr4B	625983279	632714282	0.0
chr4B	632714282	639445285	2.5256265670955723e-06
chr4B	639445285	646176288	1.1885301492214459e-06
chr4B	646176288	652907291	3.7141567163170182e-06
chr4B	652907291	659638294	1.634228955179488e-06
chr4B	659638294	666369297	1.3370964178741267e-06
chr4B	666369297	673100300	4.456988059580422e-07
chr4D	0	5096668	1.96206619697418e-06
chr4D	5096668	10193336	3.92413239394836e-07
chr4D	10193336	15290004	3.92413239394836e-07
chr4D	15290004	20386672	1.96206619697418e-07
chr4D	20386672	25483340	0.0
chr4D	25483340	30580008	1.96206619697418e-07
chr4D	30580008	35676676	0.0
chr4D	35676676	40773344	0.0
chr4D	40773344	45870012	0.0
chr4D	45870012	50966680	0.0
chr4D	50966680	56063348	0.0
chr4D	56063348	61160016	0.0
chr4D	61160016	66256684	0.0
chr4D	66256684	71353352	0.0
chr4D	71353352	76450020	0.0
chr4D	76450020	81546688	0.0
chr4D	81546688	86643356	0.0
chr4D	86643356	91740024	0.0
chr4D	91740024	96836692	0.0
chr4D	96836692	101933360	0.0
chr4D	101933360	107030028	0.0
chr4D	107030028	112126696	0.0
chr4D	112126696	117223364	0.0
chr4D	117223364	122320032	0.0
chr4D	122320032	127416700	0.0
chr4D	127416700	132513368	0.0
chr4D	132513368	137610036	0.0
chr4D	137610036	142706704	0.0
chr4D	142706704	147803372	0.0
chr4D	147803372	152900040	0.0
chr4D	152900040	157996708	0.0
chr4D	157996708	163093376	0.0
chr4D	163093376	168190044	0.0
chr4D	168190044	173286712	0.0
chr4D	173286712	178383380	0.0
chr4D	178383380	183480048	0.0
chr4D	183480048	188576716	0.0
chr4D	188576716	193673384	0.0
chr4D	193673384	198770052	0.0
chr4D	198770052	203866720	0.0
chr4D	203866720	208963388	0.0
chr4D	208963388	214060056	0.0
chr4D	214060056	219156724	0.0
chr4D	219156724	224253392	0.0
chr4D	224253392	229350060	0.0
chr4D	229350060	234446728	0.0
chr4D	234446728	239543396	0.0
chr4D	239543396	244640064	0.0
chr4D	244640064	249736732	0.0
chr4D	249736732	254833400	0.0
chr4D	254833400	259930068	0.0
chr4D	259930068	265026736	0.0
chr4D	265026736	270123404	0.0
chr4D	270123404	275220072	0.0
chr4D	275220072	280316740	0.0
chr5A	0	7084415	2.2584786464372853e-06
chr5A	7084415	14168830	1.1292393232186427e-06
chr5A	14168830	21253245	2.1173237310349548e-06
chr5A	21253245	28337660	4.23464746206991e-07
chr5A	28337660	35422075	1.1292393232186427e-06
chr5A	35422075	42506490	8.46929492413982e-07
chr5A	42506490	49590905	1.9761688156326246e-06
chr5A	49590905	56675320	2.8230983080466066e-07
chr5A	56675320	63759735	5.646196616093213e-07
chr5A	63759735	70844150	1.9761688156326246e-06
chr5A	70844150	77928565	5.646196616093213e-07
chr5A	77928565	85012980	2.8230983080466066e-07
chr5A	85012980	92097395	7.057745770116517e-07
chr5A	92097395	99181810	4.23464746206991e-07
chr5A	99181810	106266225	2.8230983080466066e-07
chr5A	106266225	113350640	5.646196616093213e-07
chr5A	113350640	120435055	0.0
chr5A	120435055	127519470	0.0
chr5A	127519470	134603885	0.0
chr5A	134603885	141688300	0.0
chr5A	141688300	148772715	0.0
chr5A	148772715	155857130	0.0
chr5A	155857130	162941545	0.0
chr5A	162941545	170025960	0.0
chr5A	170025960	177110375	0.0
chr5A	177110375	184194790	0.0
chr5A	184194790	191279205	0.0
chr5A	191279205	198363620	0.0
chr5A	198363620	205448035	0.0
chr5A	205448035	212532450	0.0
chr5A	212532450	219616865	0.0
chr5A	219616865	226701280	0.0
chr5A	226701280	233785695	0.0
chr5A	233785695	240870110	0.0
chr5A	240870110	247954525	0.0
chr5A	247954525	255038940	0.0
chr5A	255038940	262123355	0.0
chr5A	262123355	269207770	0.0
chr5A	269207770	276292185	0.0
chr5A	276292185	283376600	0.0
chr5A	283376600	290461015	0.0
chr5A	290461015	297545430	0.0
chr5A	297545430	304629845	0.0
chr5A	304629845	311714260	0.0
chr5A	311714260	318798675	0.0
chr5A	318798675	325883090	0.0
chr5A	325883090	332967505	0.0
chr5A	332967505	340051920	0.0
chr5A	340051920	347136335	0.0
chr5A	347136335	354220750	0.0
chr5A	354220750	361305165	0.0
chr5A	361305165	368389580	0.0
chr5A	368389580	375473995	0.0
chr5A	375473995	382558410	0.0
chr5A	382558410	389642825	0.0
chr5A	389642825	396727240	0.0
chr5A	396727240	403811655	0.0
chr5A	403811655	410896070	0.0
chr5A	410896070	417980485	8.46929492413982e-07
chr5A	417980485	425064900	8.46929492413982e-07
chr5A	425064900	432149315	0.0
chr5A	432149315	439233730	1.5527040694256336e-06
chr5A	439233730	446318145	2.1173237310349548e-06
chr5A	446318145	453402560	1.4115491540233033e-06
chr5A	453402560	460486975	1.1292393232186427e-06
chr5A	460486975	467571390	5.505041700690883e-06
chr5A	467571390	474655805	2.9642532234489368e-06
chr5A	474655805	481740220	4.093492546667579e-06
chr5A	481740220	488824635	2.2584786464372853e-06
chr5A	488824635	495909050	1.1292393232186427e-06
chr5A	495909050	502993465	1.4115491540233033e-07
chr5A	502993465	510077880	1.4115491540233033e-06
chr5A	510077880	517162295	2.8230983080466066e-07
chr5A	517162295	524246710	8.46929492413982e-07
chr5A	524246710	531331125	0.0
chr5A	531331125	538415540	1.9761688156326246e-06
chr5A	538415540	545499955	1.5527040694256336e-06
chr5A	545499955	552584370	2.540788477241946e-06
chr5A	552584370	559668785	1.4115491540233033e-06
chr5A	559668785	566753200	7.057745770116517e-07
chr5A	566753200	573837615	4.799267123679231e-06
chr5A	573837615	580922030	1.1292393232186427e-06
chr5A	580922030	588006445	1.1292393232186427e-06
chr5A	588006445	595090860	7.057745770116517e-07
chr5A	595090860	602175275	1.4115491540233033e-07
chr5A	602175275	609259690	5.646196616093213e-07
chr5A	609259690	616344105	1.270394238620973e-06
chr5A	616344105	623428520	9.880844078163123e-07
chr5A	623428520	630512935	0.0
chr5A	630512935	637597350	0.0
chr5A	637597350	644681765	0.0
chr5A	644681765	651766180	5.646196616093213e-07
chr5A	651766180	658850595	7.057745770116517e-07
chr5A	658850595	665935010	1.5527040694256336e-06
chr5A	665935010	673019425	8.46929492413982e-07
chr5A	673019425	680103840	1.270394238620973e-06
chr5A	680103840	687188255	1.693858984827964e-06
chr5A	687188255	694272670	8.46929492413982e-07
chr5A	694272670	701357085	1.4115491540233033e-06
chr5B	0	7129071	4.208121927807985e-07
chr5B	7129071	14258142	2.8054146185386568e-06
chr5B	14258142	21387213	1.4027073092693284e-06
chr5B	21387213	28516284	1.5429780401962612e-06
chr5B	28516284	35645355	8.41624385561597e-07
chr5B	35645355	42774426	1.1221658474154626e-06
chr5B	42774426	49903497	4.208121927807985e-07
chr5B	49903497	57032568	9.818951164885298e-07
chr5B	57032568	64161639	1.1221658474154626e-06
chr5B	64161639	71290710	1.8235195020501268e-06
chr5B	71290710	78419781	4.208121927807985e-07
chr5B	78419781	85548852	1.2624365783423956e-06
chr5B	85548852	92677923	1.4027073092693282e-07
chr5B	92677923	99806994	0.0
chr5B	99806994	106936065	0.0
chr5B	106936065	114065136	0.0
chr5B	114065136	121194207	1.4027073092693282e-07
chr5B	121194207	128323278	0.0
chr5B	128323278	135452349	0.0
chr5B	135452349	142581420	1.4027073092693282e-07
chr5B	142581420	149710491	0.0
chr5B	149710491	156839562	0.0
chr5B	156839562	163968633	0.0
chr5B	163968633	171097704	0.0
chr5B	171097704	178226775	0.0
chr5B	178226775	185355846	0.0
chr5B	185355846	192484917	0.0
chr5B	192484917	199613988	0.0
chr5B	199613988	206743059	0.0
chr5B	206743059	213872130	0.0
chr5B	213872130	221001201	0.0
chr5B	221001201	228130272	0.0
chr5B	228130272	235259343	0.0
chr5B	235259343	242388414	0.0
chr5B	242388414	249517485	0.0
chr5B	249517485	256646556	0.0
chr5B	256646556	263775627	0.0
chr5B	263775627	270904698	0.0
chr5B	270904698	278033769	0.0
chr5B	278033769	285162840	0.0
chr5B	285162840	292291911	0.0
chr5B	292291911	299420982	0.0
chr5B	299420982	306550053	0.0
chr5B	306550053	313679124	0.0
chr5B	313679124	320808195	0.0
chr5B	320808195	327937266	2.8054146185386565e-07
chr5B	327937266	335066337	4.208121927807985e-07
chr5B	335066337	342195408	1.4027073092693282e-07
chr5B	342195408	349324479	0.0
chr5B	349324479	356453550	8.41624385561597e-07
chr5B	356453550	363582621	9.818951164885298e-07
chr5B	363582621	370711692	0.0
chr5B	370711692	377840763	0.0
chr5B	377840763	384969834	0.0
chr5B	384969834	392098905	2.8054146185386565e-07
chr5B	392098905	399227976	4.208121927807985e-07
chr5B	399227976	406357047	1.9637902329770596e-06
chr5B	406357047	413486118	8.41624385561597e-07
chr5B	413486118	420615189	5.610829237077313e-07
chr5B	420615189	427744260	8.41624385561597e-07
chr5B	427744260	434873331	1.8235195020501268e-06
chr5B	434873331	442002402	1.1221658474154626e-06
chr5B	442002402	449131473	1.4027073092693282e-07
chr5B	449131473	456260544	1.4027073092693282e-07
chr5B	456260544	463389615	3.226226811319455e-06
chr5B	463389615	470518686	2.244331694830925e-06
chr5B	470518686	477647757	1.9637902329770596e-06
chr5B	477647757	484776828	1.9637902329770596e-06
chr5B	484776828	491905899	1.8235195020501268e-06
chr5B	491905899	499034970	0.0
chr5B	499034970	506164041	1.4027073092693282e-07
chr5B	506164041	513293112	5.610829237077313e-07
chr5B	513293112	520422183	1.8235195020501268e-06
chr5B	520422183	527551254	3.226226811319455e-06
chr5B	527551254	534680325	3.226226811319455e-06
chr5B	534680325	541809396	9.818951164885298e-07
chr5B	541809396	548938467	1.683248771123194e-06
chr5B	548938467	556067538	4.348392658734918e-06
chr5B	556067538	563196609	8.41624385561597e-07
chr5B	563196609	570325680	1.2624365783423956e-06
chr5B	570325680	577454751	2.524873156684791e-06
chr5B	577454751	584583822	1.1221658474154626e-06
chr5B	584583822	591712893	3.5067682731733208e-06
chr5B	591712893	598841964	1.9637902329770596e-06
chr5B	598841964	605971035	1.2624365783423956e-06
chr5B	605971035	613100106	2.8054146185386565e-07
chr5B	613100106	620229177	1.1221658474154626e-06
chr5B	620229177	627358248	1.2624365783423956e-06
chr5B	627358248	634487319	0.0
chr5B	634487319	641616390	1.8235195020501268e-06
chr5B	641616390	648745461	8.41624385561597e-07
chr5B	648745461	655874532	9.818951164885298e-07
chr5B	655874532	663003603	4.348392658734918e-06
chr5B	663003603	670132674	4.208121927807985e-06
chr5B	670132674	677261745	1.5429780401962612e-06
chr5B	677261745	684390816	3.6470390041002536e-06
chr5B	684390816	691519887	1.683248771123194e-06
chr5B	691519887	698648958	5.190017044296515e-06
chr5B	698648958	705778029	2.524873156684791e-06
chr5B	705778029	712907100	2.3846024257578584e-06
chr5D	0	5657192	1.7676614122341967e-07
chr5D	5657192	11314384	8.838307061170984e-07
chr5D	11314384	16971576	0.0
chr5D	16971576	22628768	1.7676614122341967e-07
chr5D	22628768	28285960	0.0
chr5D	28285960	33943152	7.070645648936787e-07
chr5D	33943152	39600344	0.0
chr5D	39600344	45257536	0.0
chr5D	45257536	50914728	0.0
chr5D	50914728	56571920	0.0
chr5D	56571920	62229112	5.30298423670259e-07
chr5D	62229112	67886304	0.0
chr5D	67886304	73543496	1.7676614122341967e-07
chr5D	73543496	79200688	5.30298423670259e-07
chr5D	79200688	84857880	0.0
chr5D	84857880	90515072	0.0
chr5D	90515072	96172264	0.0
chr5D	96172264	101829456	0.0
chr5D	101829456	107486648	0.0
chr5D	107486648	113143840	0.0
chr5D	113143840	118801032	0.0
chr5D	118801032	124458224	0.0
chr5D	124458224	130115416	0.0
chr5D	130115416	135772608	0.0
chr5D	135772608	141429800	0.0
chr5D	141429800	147086992	0.0
chr5D	147086992	152744184	0.0
chr5D	152744184	158401376	0.0
chr5D	158401376	164058568	0.0
chr5D	164058568	169715760	0.0
chr5D	169715760	175372952	0.0
chr5D	175372952	181030144	0.0
chr5D	181030144	186687336	0.0
chr5D	186687336	192344528	0.0
chr5D	192344528	198001720	0.0
chr5D	198001720	203658912	0.0
chr5D	203658912	209316104	0.0
chr5D	209316104	214973296	0.0
chr5D	214973296	220630488	0.0
chr5D	220630488	226287680	0.0
chr5D	226287680	231944872	0.0
chr5D	231944872	237602064	0.0
chr5D	237602064	243259256	0.0
chr5D	243259256	248916448	0.0
chr5D	248916448	254573640	0.0
chr5D	254573640	260230832	0.0
chr5D	260230832	265888024	0.0
chr5D	265888024	271545216	0.0
chr5D	271545216	277202408	0.0
chr5D	277202408	282859600	0.0
chr5D	282859600	288516792	0.0
chr5D	288516792	294173984	0.0
chr5D	294173984	299831176	0.0
chr5D	299831176	305488368	0.0
chr5D	305488368	311145560	0.0
chr5D	311145560	316802752	0.0
chr5D	316802752	322459944	0.0
chr5D	322459944	328117136	0.0
chr5D	328117136	333774328	0.0
chr5D	333774328	339431520	0.0
chr5D	339431520	345088712	0.0
chr5D	345088712	350745904	0.0
chr5D	350745904	356403096	0.0
chr5D	356403096	362060288	0.0
chr5D	362060288	367717480	0.0
chr5D	367717480	373374672	0.0
chr5D	373374672	379031864	0.0
chr5D	379031864	384689056	0.0
chr5D	384689056	390346248	0.0
chr5D	390346248	396003440	0.0
chr5D	396003440	401660632	0.0
chr5D	401660632	407317824	0.0
chr5D	407317824	412975016	0.0
chr5D	412975016	418632208	0.0
chr5D	418632208	424289400	0.0
chr5D	424289400	429946592	0.0
chr5D	429946592	435603784	0.0
chr5D	435603784	441260976	7.070645648936787e-07
chr5D	441260976	446918168	7.070645648936787e-07
chr5D	446918168	452575360	1.060596847340518e-06
chr5D	452575360	458232552	3.5353228244683935e-07
chr5D	458232552	463889744	0.0
chr5D	463889744	469546936	3.5353228244683935e-07
chr5D	469546936	475204128	0.0
chr5D	475204128	480861320	1.7676614122341967e-07
chr5D	480861320	486518512	5.30298423670259e-07
chr5D	486518512	492175704	1.7676614122341967e-07
chr5D	492175704	497832896	1.7676614122341967e-07
chr5D	497832896	503490088	0.0
chr5D	503490088	509147280	0.0
chr5D	509147280	514804472	3.5353228244683935e-07
chr5D	514804472	520461664	1.7676614122341967e-07
chr5D	520461664	526118856	3.5353228244683935e-07
chr5D	526118856	531776048	7.070645648936787e-07
chr5D	531776048	537433240	3.5353228244683935e-07
chr5D	537433240	543090432	2.651492118351295e-06
chr5D	543090432	548747624	5.833282660372849e-06
chr5D	548747624	554404816	4.065621248138652e-06
chr5D	554404816	560062008	1.590895271010777e-06
chr5D	560062008	565719200	4.242387389362072e-06
chr6A	0	6170559	4.537676408247615e-06
chr6A	6170559	12341118	3.2411974344625827e-06
chr6A	12341118	18511677	3.403257306185712e-06
chr6A	18511677	24682236	4.375616536524487e-06
chr6A	24682236	30852795	4.051496793078228e-06
chr6A	30852795	37023354	3.2411974344625827e-06
chr6A	37023354	43193913	2.430898075846937e-06
chr6A	43193913	49364472	4.861796151693874e-07
chr6A	49364472	55535031	1.2964789737850332e-06
chr6A	55535031	61705590	3.403257306185712e-06
chr6A	61705590	67876149	2.755017819293195e-06
chr6A	67876149	74046708	2.106778332400679e-06
chr6A	74046708	80217267	3.241197434462583e-07
chr6A	80217267	86387826	8.102993586156457e-07
chr6A	86387826	92558385	2.106778332400679e-06
chr6A	92558385	98728944	4.861796151693874e-07
chr6A	98728944	104899503	8.102993586156457e-07
chr6A	104899503	111070062	1.2964789737850332e-06
chr6A	111070062	117240621	6.482394868925166e-07
chr6A	117240621	123411180	0.0
chr6A	123411180	129581739	0.0
chr6A	129581739	135752298	0.0
chr6A	135752298	141922857	0.0
chr6A	141922857	148093416	0.0
chr6A	148093416	154263975	0.0
chr6A	154263975	160434534	0.0
chr6A	160434534	166605093	0.0
chr6A	166605093	172775652	0.0
chr6A	172775652	178946211	0.0
chr6A	178946211	185116770	0.0
chr6A	185116770	191287329	0.0
chr6A	191287329	197457888	0.0
chr6A	197457888	203628447	0.0
chr6A	203628447	209799006	0.0
chr6A	209799006	215969565	0.0
chr6A	215969565	222140124	0.0
chr6A	222140124	228310683	0.0
chr6A	228310683	234481242	0.0
chr6A	234481242	240651801	0.0
chr6A	240651801	246822360	0.0
chr6A	246822360	252992919	0.0
chr6A	252992919	259163478	0.0
chr6A	259163478	265334037	0.0
chr6A	265334037	271504596	0.0
chr6A	271504596	277675155	0.0
chr6A	277675155	283845714	0.0
chr6A	283845714	290016273	0.0
chr6A	290016273	296186832	0.0
chr6A	296186832	302357391	0.0
chr6A	302357391	308527950	0.0
chr6A	308527950	314698509	0.0
chr6A	314698509	320869068	0.0
chr6A	320869068	327039627	0.0
chr6A	327039627	333210186	0.0
chr6A	333210186	339380745	0.0
chr6A	339380745	345551304	0.0
chr6A	345551304	351721863	0.0
chr6A	351721863	357892422	0.0
chr6A	357892422	364062981	0.0
chr6A	364062981	370233540	0.0
chr6A	370233540	376404099	0.0
chr6A	376404099	382574658	0.0
chr6A	382574658	388745217	0.0
chr6A	388745217	394915776	0.0
chr6A	394915776	401086335	0.0
chr6A	401086335	407256894	0.0
chr6A	407256894	413427453	0.0
chr6A	413427453	419598012	0.0
chr6A	419598012	425768571	0.0
chr6A	425768571	431939130	0.0
chr6A	431939130	438109689	0.0
chr6A	438109689	444280248	0.0
chr6A	444280248	450450807	0.0
chr6A	450450807	456621366	0.0
chr6A	456621366	462791925	0.0
chr6A	462791925	468962484	0.0
chr6A	468962484	475133043	0.0
chr6A	475133043	481303602	0.0
chr6A	481303602	487474161	0.0
chr6A	487474161	493644720	0.0
chr6A	493644720	499815279	0.0
chr6A	499815279	505985838	0.0
chr6A	505985838	512156397	0.0
chr6A	512156397	518326956	0.0
chr6A	518326956	524497515	0.0
chr6A	524497515	530668074	0.0
chr6A	530668074	536838633	1.9447184606775495e-06
chr6A	536838633	543009192	3.241197434462583e-07
chr6A	543009192	549179751	3.2411974344625827e-06
chr6A	549179751	555350310	1.4585388455081623e-06
chr6A	555350310	561520869	8.102993586156457e-07
chr6A	561520869	567691428	2.2688382041238077e-06
chr6A	567691428	573861987	2.755017819293195e-06
chr6A	573861987	580032546	0.0
chr6A	580032546	586203105	2.9170776910163245e-06
chr6A	586203105	592373664	0.0
chr6A	592373664	598544223	2.755017819293195e-06
chr6A	598544223	604714782	2.9170776910163245e-06
chr6A	604714782	610885341	9.723592303387748e-06
chr6B	0	7209859	3.0513772876834345e-06
chr6B	7209859	14419718	1.2482907085977687e-06
chr6B	14419718	21629577	1.386989676219743e-06
chr6B	21629577	28839436	6.934948381098715e-07
chr6B	28839436	36049295	0.0
chr6B	36049295	43259154	5.547958704878972e-07
chr6B	43259154	50469013	6.934948381098715e-07
chr6B	50469013	57678872	1.2482907085977687e-06
chr6B	57678872	64888731	0.0
chr6B	64888731	72098590	2.773979352439486e-07
chr6B	72098590	79308449	0.0
chr6B	79308449	86518308	0.0
chr6B	86518308	93728167	0.0
chr6B	93728167	100938026	2.773979352439486e-07
chr6B	100938026	108147885	0.0
chr6B	108147885	115357744	1.386989676219743e-07
chr6B	115357744	122567603	9.7089277335382e-07
chr6B	122567603	129777462	4.160969028659229e-06
chr6B	129777462	136987321	1.8030865790856658e-06
chr6B	136987321	144197180	1.1095917409757945e-06
chr6B	144197180	151407039	3.190076255305409e-06
chr6B	151407039	158616898	1.8030865790856658e-06
chr6B	158616898	165826757	9.7089277335382e-07
chr6B	165826757	173036616	2.773979352439486e-07
chr6B	173036616	180246475	1.386989676219743e-07
chr6B	180246475	187456334	5.547958704878972e-07
chr6B	187456334	194666193	1.1095917409757945e-06
chr6B	194666193	201876052	1.2482907085977687e-06
chr6B	201876052	209085911	5.547958704878972e-07
chr6B	209085911	216295770	0.0
chr6B	216295770	223505629	5.547958704878972e-07
chr6B	223505629	230715488	6.934948381098715e-07
chr6B	230715488	237925347	8.321938057318458e-07
chr6B	237925347	245135206	0.0
chr6B	245135206	252345065	2.773979352439486e-07
chr6B	252345065	259554924	9.7089277335382e-07
chr6B	259554924	266764783	8.321938057318458e-07
chr6B	266764783	273974642	0.0
chr6B	273974642	281184501	1.386989676219743e-07
chr6B	281184501	288394360	0.0
chr6B	288394360	295604219	2.773979352439486e-07
chr6B	295604219	302814078	0.0
chr6B	302814078	310023937	0.0
chr6B	310023937	317233796	0.0
chr6B	317233796	324443655	0.0
chr6B	324443655	331653514	0.0
chr6B	331653514	338863373	0.0
chr6B	338863373	346073232	2.773979352439486e-07
chr6B	346073232	353283091	1.386989676219743e-07
chr6B	353283091	360492950	4.160969028659229e-07
chr6B	360492950	367702809	0.0
chr6B	367702809	374912668	0.0
chr6B	374912668	382122527	0.0
chr6B	382122527	389332386	0.0
chr6B	389332386	396542245	0.0
chr6B	396542245	403752104	0.0
chr6B	403752104	410961963	0.0
chr6B	410961963	418171822	0.0
chr6B	418171822	425381681	4.160969028659229e-07
chr6B	425381681	432591540	0.0
chr6B	432591540	439801399	2.773979352439486e-07
chr6B	439801399	447011258	1.386989676219743e-07
chr6B	447011258	454221117	4.160969028659229e-07
chr6B	454221117	461430976	9.7089277335382e-07
chr6B	461430976	468640835	9.7089277335382e-07
chr6B	468640835	475850694	4.160969028659229e-06
chr6B	475850694	483060553	6.934948381098715e-07
chr6B	483060553	490270412	2.773979352439486e-07
chr6B	490270412	497480271	1.386989676219743e-07
chr6B	497480271	504690130	0.0
chr6B	504690130	511899989	0.0
chr6B	511899989	519109848	0.0
chr6B	519109848	526319707	4.160969028659229e-07
chr6B	526319707	533529566	9.7089277335382e-07
chr6B	533529566	540739425	1.386989676219743e-07
chr6B	540739425	547949284	0.0
chr6B	547949284	555159143	5.547958704878972e-07
chr6B	555159143	562369002	1.6643876114636916e-06
chr6B	562369002	569578861	1.1095917409757945e-06
chr6B	569578861	576788720	1.1095917409757945e-06
chr6B	576788720	583998579	2.6352803848175117e-06
chr6B	583998579	591208438	1.386989676219743e-07
chr6B	591208438	598418297	2.773979352439486e-07
chr6B	598418297	605628156	8.321938057318458e-07
chr6B	605628156	612838015	5.547958704878972e-07
chr6B	612838015	620047874	9.7089277335382e-07
chr6B	620047874	627257733	2.773979352439486e-07
chr6B	627257733	634467592	5.547958704878972e-07
chr6B	634467592	641677451	8.321938057318458e-07
chr6B	641677451	648887310	1.5256886438417172e-06
chr6B	648887310	656097169	6.934948381098715e-07
chr6B	656097169	663307028	0.0
chr6B	663307028	670516887	2.4965814171955373e-06
chr6B	670516887	677726746	1.386989676219743e-07
chr6B	677726746	684936605	1.5256886438417172e-06
chr6B	684936605	692146464	8.321938057318458e-07
chr6B	692146464	699356323	1.8030865790856658e-06
chr6B	699356323	706566182	3.4674741905493576e-06
chr6B	706566182	713776041	3.0513772876834345e-06
chr6D	0	4734187	3.8021311790176434e-06
chr6D	4734187	9468374	2.323524609399671e-06
chr6D	9468374	14202561	8.449180397816985e-07
chr6D	14202561	18936748	1.9010655895088217e-06
chr6D	18936748	23670935	6.336885298362739e-07
chr6D	23670935	28405122	1.2673770596725478e-06
chr6D	28405122	33139309	0.0
chr6D	33139309	37873496	0.0
chr6D	37873496	42607683	0.0
chr6D	42607683	47341870	0.0
chr6D	47341870	52076057	0.0
chr6D	52076057	56810244	0.0
chr6D	56810244	61544431	6.336885298362739e-07
chr6D	61544431	66278618	0.0
chr6D	66278618	71012805	0.0
chr6D	71012805	75746992	4.2245901989084925e-07
chr6D	75746992	80481179	4.2245901989084925e-07
chr6D	80481179	85215366	0.0
chr6D	85215366	89949553	0.0
chr6D	89949553	94683740	0.0
chr6D	94683740	99417927	0.0
chr6D	99417927	104152114	0.0
chr6D	104152114	108886301	0.0
chr6D	108886301	113620488	0.0
chr6D	113620488	118354675	0.0
chr6D	118354675	123088862	0.0
chr6D	123088862	127823049	0.0
chr6D	127823049	132557236	0.0
chr6D	132557236	137291423	0.0
chr6D	137291423	142025610	0.0
chr6D	142025610	146759797	0.0
chr6D	146759797	151493984	0.0
chr6D	151493984	156228171	0.0
chr6D	156228171	160962358	0.0
chr6D	160962358	165696545	0.0
chr6D	165696545	170430732	0.0
chr6D	170430732	175164919	0.0
chr6D	175164919	179899106	0.0
chr6D	179899106	184633293	0.0
chr6D	184633293	189367480	0.0
chr6D	189367480	194101667	0.0
chr6D	194101667	198835854	0.0
chr6D	198835854	203570041	0.0
chr6D	203570041	208304228	0.0
chr6D	208304228	213038415	0.0
chr6D	213038415	217772602	0.0
chr6D	217772602	222506789	0.0
chr6D	222506789	227240976	0.0
chr6D	227240976	231975163	0.0
chr6D	231975163	236709350	0.0
chr6D	236709350	241443537	0.0
chr6D	241443537	246177724	0.0
chr6D	246177724	250911911	0.0
chr6D	250911911	255646098	0.0
chr6D	255646098	260380285	0.0
chr6D	260380285	265114472	0.0
chr6D	265114472	269848659	0.0
chr6D	269848659	274582846	0.0
chr6D	274582846	279317033	0.0
chr6D	279317033	284051220	0.0
chr6D	284051220	288785407	0.0
chr6D	288785407	293519594	0.0
chr6D	293519594	298253781	0.0
chr6D	298253781	302987968	0.0
chr6D	302987968	307722155	0.0
chr6D	307722155	312456342	0.0
chr6D	312456342	317190529	0.0
chr6D	317190529	321924716	0.0
chr6D	321924716	326658903	0.0
chr6D	326658903	331393090	0.0
chr6D	331393090	336127277	0.0
chr6D	336127277	340861464	0.0
chr6D	340861464	345595651	0.0
chr6D	345595651	350329838	0.0
chr6D	350329838	355064025	0.0
chr6D	355064025	359798212	0.0
chr6D	359798212	364532399	0.0
chr6D	364532399	369266586	0.0
chr6D	369266586	374000773	0.0
chr6D	374000773	378734960	0.0
chr6D	378734960	383469147	0.0
chr6D	383469147	388203334	0.0
chr6D	388203334	392937521	0.0
chr6D	392937521	397671708	0.0
chr6D	397671708	402405895	0.0
chr6D	402405895	407140082	0.0
chr6D	407140082	411874269	0.0
chr6D	411874269	416608456	0.0
chr6D	416608456	421342643	0.0
chr6D	421342643	426076830	0.0
chr6D	426076830	430811017	0.0
chr6D	430811017	435545204	0.0
chr6D	435545204	440279391	0.0
chr6D	440279391	445013578	0.0
chr6D	445013578	449747765	0.0
chr6D	449747765	454481952	0.0
chr6D	454481952	459216139	0.0
chr6D	459216139	463950326	5.91442627847189e-06
chr6D	463950326	468684513	2.112295099454246e-06
chr7A	0	7366890	4.615244696201518e-06
chr7A	7366890	14733780	3.122077294489262e-06
chr7A	14733780	22100670	3.2578197855540125e-06
chr7A	22100670	29467560	2.1718798570360082e-06
chr7A	29467560	36834450	1.7646523838417568e-06
chr7A	36834450	44201340	4.0722747319425157e-07
chr7A	44201340	51568230	8.144549463885031e-07
chr7A	51568230	58935120	1.6289098927770063e-06
chr7A	58935120	66302010	1.7646523838417568e-06
chr7A	66302010	73668900	2.1718798570360082e-06
chr7A	73668900	81035790	1.7646523838417568e-06
chr7A	81035790	88402680	3.393562276618763e-06
chr7A	88402680	95769570	5.429699642590021e-07
chr7A	95769570	103136460	0.0
chr7A	103136460	110503350	6.787124553237526e-07
chr7A	110503350	117870240	4.0722747319425157e-07
chr7A	117870240	125237130	9.501974374532537e-07
chr7A	125237130	132604020	4.0722747319425157e-07
chr7A	132604020	139970910	1.3574249106475051e-07
chr7A	139970910	147337800	1.3574249106475051e-07
chr7A	147337800	154704690	0.0
chr7A	154704690	162071580	0.0
chr7A	162071580	169438470	0.0
chr7A	169438470	176805360	0.0
chr7A	176805360	184172250	0.0
chr7A	184172250	191539140	0.0
chr7A	191539140	198906030	0.0
chr7A	198906030	206272920	0.0
chr7A	206272920	213639810	0.0
chr7A	213639810	221006700	0.0
chr7A	221006700	228373590	0.0
chr7A	228373590	235740480	8.144549463885031e-07
chr7A	235740480	243107370	0.0
chr7A	243107370	250474260	0.0
chr7A	250474260	257841150	0.0
chr7A	257841150	265208040	1.3574249106475051e-07
chr7A	265208040	272574930	8.144549463885031e-07
chr7A	272574930	279941820	0.0
chr7A	279941820	287308710	4.0722747319425157e-07
chr7A	287308710	294675600	0.0
chr7A	294675600	302042490	0.0
chr7A	302042490	309409380	0.0
chr7A	309409380	316776270	0.0
chr7A	316776270	324143160	0.0
chr7A	324143160	331510050	0.0
chr7A	331510050	338876940	0.0
chr7A	338876940	346243830	0.0
chr7A	346243830	353610720	0.0
chr7A	353610720	360977610	0.0
chr7A	360977610	368344500	0.0
chr7A	368344500	375711390	0.0
chr7A	375711390	383078280	0.0
chr7A	383078280	390445170	0.0
chr7A	390445170	397812060	0.0
chr7A	397812060	405178950	0.0
chr7A	405178950	412545840	0.0
chr7A	412545840	419912730	0.0
chr7A	419912730	427279620	0.0
chr7A	427279620	434646510	0.0
chr7A	434646510	442013400	0.0
chr7A	442013400	449380290	0.0
chr7A	449380290	456747180	0.0
chr7A	456747180	464114070	0.0
chr7A	464114070	471480960	0.0
chr7A	471480960	478847850	0.0
chr7A	478847850	486214740	0.0
chr7A	486214740	493581630	0.0
chr7A	493581630	500948520	0.0
chr7A	500948520	508315410	0.0
chr7A	508315410	515682300	4.0722747319425157e-07
chr7A	515682300	523049190	6.787124553237526e-07
chr7A	523049190	530416080	0.0
chr7A	530416080	537782970	1.3574249106475051e-07
chr7A	537782970	545149860	1.9003948749065075e-06
chr7A	545149860	552516750	4.0722747319425157e-07
chr7A	552516750	559883640	2.7148498212950103e-07
chr7A	559883640	567250530	9.501974374532537e-07
chr7A	567250530	574617420	6.787124553237526e-07
chr7A	574617420	581984310	9.501974374532537e-07
chr7A	581984310	589351200	1.3574249106475051e-07
chr7A	589351200	596718090	5.429699642590021e-07
chr7A	596718090	604084980	6.787124553237526e-07
chr7A	604084980	611451870	1.6289098927770063e-06
chr7A	611451870	618818760	2.0361373659712577e-06
chr7A	618818760	626185650	2.7148498212950106e-06
chr7A	626185650	633552540	8.144549463885031e-07
chr7A	633552540	640919430	1.0859399285180041e-06
chr7A	640919430	648286320	2.307622348100759e-06
chr7A	648286320	655653210	0.0
chr7A	655653210	663020100	5.429699642590021e-07
chr7A	663020100	670386990	4.0722747319425157e-07
chr7A	670386990	677753880	2.0361373659712577e-06
chr7A	677753880	685120770	5.429699642590021e-07
chr7A	685120770	692487660	9.501974374532537e-07
chr7A	692487660	699854550	5.429699642590021e-07
chr7A	699854550	707221440	9.501974374532537e-07
chr7A	707221440	714588330	5.15821466046052e-06
chr7A	714588330	721955220	3.800789749813015e-06
chr7A	721955220	729322110	4.0722747319425157e-07
chr7B	0	7505936	4.130064524930668e-06
chr7B	7505936	15011872	1.3322788790098928e-07
chr7B	15011872	22517808	2.6645577580197857e-07
chr7B	22517808	30023744	3.996836637029679e-07
chr7B	30023744	37529680	5.329115516039571e-07
chr7B	37529680	45035616	1.8651904306138502e-06
chr7B	45035616	52541552	7.993673274059358e-07
chr7B	52541552	60047488	1.9984183185148393e-06
chr7B	60047488	67553424	7.993673274059358e-07
chr7B	67553424	75059360	5.329115516039571e-07
chr7B	75059360	82565296	2.6645577580197857e-07
chr7B	82565296	90071232	1.0658231032079143e-06
chr7B	90071232	97577168	2.6645577580197857e-07
chr7B	97577168	105083104	3.996836637029679e-07
chr7B	105083104	112589040	5.329115516039571e-07
chr7B	112589040	120094976	3.996836637029679e-07
chr7B	120094976	127600912	9.325952153069251e-07
chr7B	127600912	135106848	2.6645577580197857e-07
chr7B	135106848	142612784	0.0
chr7B	142612784	150118720	0.0
chr7B	150118720	157624656	2.6645577580197857e-07
chr7B	157624656	165130592	5.329115516039571e-07
chr7B	165130592	172636528	2.6645577580197857e-07
chr7B	172636528	180142464	2.6645577580197857e-07
chr7B	180142464	187648400	3.996836637029679e-07
chr7B	187648400	195154336	3.996836637029679e-07
chr7B	195154336	202660272	1.4655067669108823e-06
chr7B	202660272	210166208	0.0
chr7B	210166208	217672144	3.996836637029679e-07
chr7B	217672144	225178080	6.661394395049465e-07
chr7B	225178080	232684016	3.996836637029679e-07
chr7B	232684016	240189952	5.329115516039571e-07
chr7B	240189952	247695888	2.6645577580197857e-07
chr7B	247695888	255201824	0.0
chr7B	255201824	262707760	0.0
chr7B	262707760	270213696	0.0
chr7B	270213696	277719632	0.0
chr7B	277719632	285225568	0.0
chr7B	285225568	292731504	0.0
chr7B	292731504	300237440	0.0
chr7B	300237440	307743376	0.0
chr7B	307743376	315249312	0.0
chr7B	315249312	322755248	0.0
chr7B	322755248	330261184	0.0
chr7B	330261184	337767120	0.0
chr7B	337767120	345273056	0.0
chr7B	345273056	352778992	0.0
chr7B	352778992	360284928	0.0
chr7B	360284928	367790864	0.0
chr7B	367790864	375296800	0.0
chr7B	375296800	382802736	0.0
chr7B	382802736	390308672	0.0
chr7B	390308672	397814608	0.0
chr7B	397814608	405320544	0.0
chr7B	405320544	412826480	0.0
chr7B	412826480	420332416	0.0
chr7B	420332416	427838352	0.0
chr7B	427838352	435344288	0.0
chr7B	435344288	442850224	0.0
chr7B	442850224	450356160	0.0
chr7B	450356160	457862096	0.0
chr7B	457862096	465368032	0.0
chr7B	465368032	472873968	0.0
chr7B	472873968	480379904	0.0
chr7B	480379904	487885840	0.0
chr7B	487885840	495391776	6.661394395049465e-07
chr7B	495391776	502897712	2.6645577580197857e-07
chr7B	502897712	510403648	0.0
chr7B	510403648	517909584	2.6645577580197857e-07
chr7B	517909584	525415520	3.996836637029679e-07
chr7B	525415520	532921456	0.0
chr7B	532921456	540427392	3.996836637029679e-07
chr7B	540427392	547933328	5.329115516039571e-07
chr7B	547933328	555439264	1.4655067669108823e-06
chr7B	555439264	562945200	3.996836637029679e-07
chr7B	562945200	570451136	2.2648740943168182e-06
chr7B	570451136	577957072	7.993673274059358e-07
chr7B	577957072	585463008	3.996836637029679e-07
chr7B	585463008	592968944	6.661394395049465e-07
chr7B	592968944	600474880	1.3322788790098928e-07
chr7B	600474880	607980816	1.3322788790098928e-07
chr7B	607980816	615486752	1.332278879009893e-06
chr7B	615486752	622992688	0.0
chr7B	622992688	630498624	1.4655067669108823e-06
chr7B	630498624	638004560	1.3322788790098928e-07
chr7B	638004560	645510496	3.197469309623743e-06
chr7B	645510496	653016432	3.996836637029679e-07
chr7B	653016432	660522368	9.325952153069251e-07
chr7B	660522368	668028304	0.0
chr7B	668028304	675534240	9.325952153069251e-07
chr7B	675534240	683040176	6.661394395049465e-07
chr7B	683040176	690546112	9.325952153069251e-07
chr7B	690546112	698052048	0.0
chr7B	698052048	705557984	4.396520300732647e-06
chr7B	705557984	713063920	2.5313298701187967e-06
chr7B	713063920	720569856	2.3981019822178075e-06
chr7B	720569856	728075792	3.996836637029679e-07
chr7B	728075792	735581728	2.9310135338217645e-06
chr7B	735581728	743087664	2.1316462064158285e-06
chr7B	743087664	750593600	2.1316462064158285e-06
chr7D	0	6358468	4.246305871162676e-06
chr7D	6358468	12716936	2.201788229491758e-06
chr7D	12716936	19075404	1.7299764660292384e-06
chr7D	19075404	25433872	1.100894114745879e-06
chr7D	25433872	31792340	3.1454117564167975e-07
chr7D	31792340	38150808	3.1454117564167975e-07
chr7D	38150808	44509276	3.1454117564167975e-07
chr7D	44509276	50867744	0.0
chr7D	50867744	57226212	0.0
chr7D	57226212	63584680	1.100894114745879e-06
chr7D	63584680	69943148	0.0
chr7D	69943148	76301616	0.0
chr7D	76301616	82660084	0.0
chr7D	82660084	89018552	0.0
chr7D	89018552	95377020	0.0
chr7D	95377020	101735488	0.0
chr7D	101735488	108093956	0.0
chr7D	108093956	114452424	0.0
chr7D	114452424	120810892	0.0
chr7D	120810892	127169360	0.0
chr7D	127169360	133527828	0.0
chr7D	133527828	139886296	0.0
chr7D	139886296	146244764	0.0
chr7D	146244764	152603232	0.0
chr7D	152603232	158961700	0.0
chr7D	158961700	165320168	0.0
chr7D	165320168	171678636	0.0
chr7D	171678636	178037104	0.0
chr7D	178037104	184395572	0.0
chr7D	184395572	190754040	0.0
chr7D	190754040	197112508	0.0
chr7D	197112508	203470976	0.0
chr7D	203470976	209829444	0.0
chr7D	209829444	216187912	0.0
chr7D	216187912	222546380	0.0
chr7D	222546380	228904848	0.0
chr7D	228904848	235263316	0.0
chr7D	235263316	241621784	0.0
chr7D	241621784	247980252	0.0
chr7D	247980252	254338720	0.0
chr7D	254338720	260697188	0.0
chr7D	260697188	267055656	0.0
chr7D	267055656	273414124	0.0
chr7D	273414124	279772592	0.0
chr7D	279772592	286131060	0.0
chr7D	286131060	292489528	0.0
chr7D	292489528	298847996	0.0
chr7D	298847996	305206464	0.0
chr7D	305206464	311564932	0.0
chr7D	311564932	317923400	0.0
chr7D	317923400	324281868	0.0
chr7D	324281868	330640336	0.0
chr7D	330640336	336998804	0.0
chr7D	336998804	343357272	0.0
chr7D	343357272	349715740	0.0
chr7D	349715740	356074208	0.0
chr7D	356074208	362432676	0.0
chr7D	362432676	368791144	0.0
chr7D	368791144	375149612	0.0
chr7D	375149612	381508080	0.0
chr7D	381508080	387866548	0.0
chr7D	387866548	394225016	0.0
chr7D	394225016	400583484	0.0
chr7D	400583484	406941952	0.0
chr7D	406941952	413300420	0.0
chr7D	413300420	419658888	0.0
chr7D	419658888	426017356	0.0
chr7D	426017356	432375824	0.0
chr7D	432375824	438734292	0.0
chr7D	438734292	445092760	0.0
chr7D	445092760	451451228	0.0
chr7D	451451228	457809696	0.0
chr7D	457809696	464168164	0.0
chr7D	464168164	470526632	0.0
chr7D	470526632	476885100	0.0
chr7D	476885100	483243568	0.0
chr7D	483243568	489602036	0.0
chr7D	489602036	495960504	0.0
chr7D	495960504	502318972	0.0
chr7D	502318972	508677440	0.0
chr7D	508677440	515035908	0.0
chr7D	515035908	521394376	0.0
chr7D	521394376	527752844	0.0
chr7D	527752844	534111312	0.0
chr7D	534111312	540469780	0.0
chr7D	540469780	546828248	0.0
chr7D	546828248	553186716	0.0
chr7D	553186716	559545184	0.0
chr7D	559545184	565903652	0.0
chr7D	565903652	572262120	0.0
chr7D	572262120	578620588	0.0
chr7D	578620588	584979056	0.0
chr7D	584979056	591337524	0.0
chr7D	591337524	597695992	0.0
chr7D	597695992	604054460	0.0
chr7D	604054460	610412928	0.0
chr7D	610412928	616771396	0.0
chr7D	616771396	623129864	7.863529391041993e-07
chr7D	623129864	629488332	0.0
chr7D	629488332	635846800	1.4154352903875588e-06
